{"@class":"BaseSkinController","id":{"uuid":"10B25CF9-70D5-4214-B265-9B96B6591B62"},"boneInfoCollection":[{"@class":"BoneInfo","index":0,"offset":{"values":[1.0,3.55271401761368e-14,-2.3841856489070779e-7,0.0,-2.283822624349341e-7,-0.28708595037460329,-0.9579048752784729,0.0,-6.844664568461667e-8,0.9579048752784729,-0.2870860993862152,0.0,2.622852548483934e-7,-1.8197932243347169,1.1001043319702149,1.0]}},{"@class":"BoneInfo","index":1,"offset":{"values":[1.0,2.1316282072803007e-14,-2.3841860752327195e-7,0.0,-1.8733445017460327e-7,-0.618559718132019,-0.7857377529144287,0.0,-1.4747615750820842e-7,0.7857376933097839,-0.6185598969459534,0.0,4.892206106887898e-7,-2.2038497924804689,2.0519402027130129,1.0]}},{"@class":"BoneInfo","index":2,"offset":{"values":[1.0,-1.421085607045472e-13,-9.53675908021978e-7,0.0,-3.0615026958003e-7,-0.9470720291137695,-0.32102128863334658,0.0,-9.031999184117012e-7,0.32102108001708987,-0.9470721483230591,0.0,0.0000033034550597221825,-1.5598604679107667,3.4639179706573488,1.0]}},{"@class":"BoneInfo","index":3,"offset":{"values":[1.0,0.0,-0.0000021457651655509837,0.0,2.4170660140043767e-7,-0.993635356426239,0.1126435399055481,0.0,-0.000002132108647856512,-0.1126437783241272,-0.9936354756355286,0.0,0.0000093500148068415,-1.1254169940948487,4.357426166534424,1.0]}},{"@class":"BoneInfo","index":4,"offset":{"values":[1.0,-2.3287968775598247e-13,-0.0000036637018183682814,0.0,5.377974541392883e-13,-0.9999999403953552,1.7782134875687917e-7,0.0,-0.000003663701590994606,-4.0878944673750086e-7,-1.0000001192092896,0.0,0.000013108420716889669,-2.6401846408843996,3.5779173374176027,1.0]}},{"@class":"BoneInfo","index":5,"offset":{"values":[0.43508705496788027,0.886873185634613,0.15541855990886689,0.0,-5.7284935905954629e-8,-0.17261271178722382,0.984989583492279,0.0,0.9003883004188538,-0.4285562336444855,-0.07510144263505936,0.0,-3.78426194190979,1.5234386920928956,1.9005838632583619,0.9999998807907105]}},{"@class":"BoneInfo","index":6,"offset":{"values":[0.8837116360664368,0.45889633893966677,-0.09201906621456146,0.0,-0.0014256625436246396,0.19924716651439668,0.979948103427887,0.0,0.4680293798446655,-0.8658605217933655,0.17673136293888093,0.0,-2.7831623554229738,2.922445058822632,1.2894612550735474,0.9999998807907105]}},{"@class":"BoneInfo","index":7,"offset":{"values":[0.9803491830825806,0.054445136338472369,0.18960733711719514,0.0,-0.10810144990682602,-0.6557258367538452,0.7472198009490967,0.0,0.1650131195783615,-0.7530332803726196,-0.6369549632072449,0.0,-2.431128740310669,0.6238846182823181,2.2758431434631349,1.0]}},{"@class":"BoneInfo","index":8,"offset":{"values":[0.9969308972358704,0.0577545128762722,0.05284659564495087,0.0,-0.0422496572136879,-0.1713613122701645,0.9843016862869263,0.0,0.06590385735034943,-0.9835138916969299,-0.1683952808380127,0.0,-2.165259599685669,0.9877795577049255,2.371971607208252,1.0]}},{"@class":"BoneInfo","index":9,"offset":{"values":[0.47095128893852236,-0.8793743252754211,0.07003816217184067,0.0,-0.34120938181877139,-0.10836917906999588,0.9337195158004761,0.0,-0.8134992122650147,-0.4636343717575073,-0.3510875403881073,0.0,-0.6731250882148743,1.7966985702514649,2.6064107418060304,1.0]}},{"@class":"BoneInfo","index":10,"offset":{"values":[0.3987847864627838,-0.8854029774665833,0.23881345987319947,0.0,-0.17808930575847627,0.18068696558475495,0.9672828912734985,0.0,-0.8995859026908875,-0.42826804518699648,-0.08562562614679337,0.0,-0.09084918349981308,1.9476230144500733,2.2336552143096926,1.0]}},{"@class":"BoneInfo","index":11,"offset":{"values":[0.9984353184700012,0.02705840766429901,0.04893837124109268,0.0,-0.054422684013843539,0.2689778208732605,0.9616073966026306,0.0,0.012856336310505867,-0.9627664685249329,0.27002960443496706,0.0,-1.745089054107666,1.1665732860565186,2.1089372634887697,1.0000001192092896]}},{"@class":"BoneInfo","index":12,"offset":{"values":[0.9989006519317627,0.005132972728461027,0.046594347804784778,0.0,-0.04399660974740982,0.4456692337989807,0.8941158056259155,0.0,-0.016176089644432069,-0.8951830267906189,0.44540518522262576,0.0,-1.7176222801208497,1.149338960647583,1.9318214654922486,1.0]}},{"@class":"BoneInfo","index":13,"offset":{"values":[0.9989689588546753,0.010351027362048626,0.04420536011457443,0.0,-0.0397721603512764,0.669090747833252,0.7421157360076904,0.0,-0.02189563401043415,-0.7431086897850037,0.6688127517700195,0.0,-1.7105838060379029,1.1641641855239869,1.6837072372436524,1.000000238418579]}},{"@class":"BoneInfo","index":14,"offset":{"values":[0.967633843421936,0.24163828790187837,-0.07277030497789383,0.0,-8.581785237993245e-8,0.2883620858192444,0.9575212001800537,0.0,0.25235825777053835,-0.9265301823616028,0.279028981924057,0.0,-2.3749547004699709,0.7943561673164368,2.2600181102752687,1.0]}},{"@class":"BoneInfo","index":15,"offset":{"values":[0.9740829467773438,0.2004619538784027,-0.10477388650178909,0.0,-8.15547878119105e-8,0.46320974826812746,0.8862486481666565,0.0,0.22619161009788514,-0.8632798194885254,0.45120474696159365,0.0,-2.381892204284668,0.8531942367553711,2.1189277172088625,0.9999999403953552]}},{"@class":"BoneInfo","index":16,"offset":{"values":[0.9740779399871826,0.16509144008159638,-0.15465188026428224,0.0,-4.430541622468809e-8,0.6836559772491455,0.7298040986061096,0.0,0.22621336579322816,-0.7108861804008484,0.6659342050552368,0.0,-2.38187837600708,0.9548089504241943,1.933874487876892,1.0]}},{"@class":"BoneInfo","index":17,"offset":{"values":[0.4350871443748474,-0.8868733644485474,-0.15541867911815644,0.0,6.473549518659638e-8,-0.17261284589767457,0.9849896430969238,0.0,-0.9003883004188538,-0.4285564720630646,-0.07510138303041458,0.0,3.78426194190979,1.5234395265579224,1.9005837440490723,1.0000001192092896]}},{"@class":"BoneInfo","index":18,"offset":{"values":[0.8837116360664368,-0.4588964283466339,0.09201900660991669,0.0,0.0014256699942052365,0.19924698770046235,0.9799482822418213,0.0,-0.46802935004234316,-0.865860641002655,0.17673130333423615,0.0,2.7831621170043947,2.92244553565979,1.2894617319107056,1.0000001192092896]}},{"@class":"BoneInfo","index":19,"offset":{"values":[0.9803491830825806,-0.054445285350084308,-0.1896073967218399,0.0,0.108101487159729,-0.6557259559631348,0.7472197413444519,0.0,-0.1650131195783615,-0.7530333995819092,-0.6369549036026001,0.0,2.43112850189209,0.6238846778869629,2.2758429050445558,1.0000001192092896]}},{"@class":"BoneInfo","index":20,"offset":{"values":[0.9969309568405151,-0.057754673063755038,-0.05284653604030609,0.0,0.042249687016010287,-0.17136147618293763,0.9843016266822815,0.0,-0.06590385735034943,-0.9835138916969299,-0.1683952957391739,0.0,2.165259599685669,0.9877789616584778,2.3719723224639894,0.9999998807907105]}},{"@class":"BoneInfo","index":21,"offset":{"values":[0.4709513783454895,0.8793743252754211,-0.07003803551197052,0.0,0.34120938181877139,-0.10836917161941529,0.9337195754051209,0.0,0.8134992718696594,-0.46363407373428347,-0.3510873317718506,0.0,0.6731249690055847,1.796697974205017,2.6064112186431886,1.0]}},{"@class":"BoneInfo","index":22,"offset":{"values":[0.39878490567207339,0.885403037071228,-0.23881348967552186,0.0,0.17808939516544343,0.18068702518939973,0.9672830104827881,0.0,0.899586021900177,-0.42826777696609499,-0.08562558144330979,0.0,0.09084919095039368,1.9476227760314942,2.2336552143096926,1.0]}},{"@class":"BoneInfo","index":23,"offset":{"values":[0.967633843421936,-0.2416384518146515,0.07277042418718338,0.0,1.0816959417070393e-7,0.2883619964122772,0.9575212597846985,0.0,-0.25235822796821597,-0.9265301823616028,0.2790290117263794,0.0,2.3749539852142336,0.7943557500839233,2.2600185871124269,1.0]}},{"@class":"BoneInfo","index":24,"offset":{"values":[0.974082887172699,-0.20046202838420869,0.10477402061223984,0.0,1.0390651539182727e-7,0.4632095992565155,0.8862485885620117,0.0,-0.22619159519672395,-0.8632797598838806,0.451204776763916,0.0,2.3818917274475099,0.8531935811042786,2.1189281940460207,1.0]}},{"@class":"BoneInfo","index":25,"offset":{"values":[0.9740779399871826,-0.16509151458740235,0.15465210378170014,0.0,4.4305423330115448e-8,0.6836559772491455,0.7298042178153992,0.0,-0.22621339559555055,-0.7108862996101379,0.6659344434738159,0.0,2.3818776607513429,0.9548089504241943,1.933875560760498,1.0000001192092896]}},{"@class":"BoneInfo","index":26,"offset":{"values":[0.9984353184700012,-0.027058498933911325,-0.048938240855932239,0.0,0.05442267283797264,0.26897770166397097,0.9616075158119202,0.0,-0.012856327928602696,-0.9627664089202881,0.27002963423728945,0.0,1.7450883388519288,1.1665728092193604,2.108938217163086,1.0000001192092896]}},{"@class":"BoneInfo","index":27,"offset":{"values":[0.9989006519317627,-0.005133035127073526,-0.04659416899085045,0.0,0.043996598571538928,0.4456690847873688,0.894115686416626,0.0,0.01617608778178692,-0.8951828479766846,0.44540518522262576,0.0,1.7176214456558228,1.149338722229004,1.9318218231201172,0.9999998807907105]}},{"@class":"BoneInfo","index":28,"offset":{"values":[0.9989690184593201,-0.010351045988500119,-0.04420517385005951,0.0,0.039772164076566699,0.6690908670425415,0.7421157360076904,0.0,0.0218956358730793,-0.7431086897850037,0.6688128113746643,0.0,1.7105830907821656,1.1641641855239869,1.683707356452942,1.0000001192092896]}},{"@class":"BoneInfo","index":29,"offset":{"values":[-0.2194780707359314,0.9249421954154968,0.3103411793708801,0.0,-0.007023808546364307,-0.3195870816707611,0.94753098487854,0.0,0.975592315196991,0.2057824730873108,0.07663915306329727,0.0,-2.0050251483917238,-0.25389364361763,-0.6612789630889893,1.0]}},{"@class":"BoneInfo","index":30,"offset":{"values":[0.8153085112571716,0.5425993800163269,0.20213405787944795,0.0,0.05379254370927811,-0.4185616374015808,0.9065939784049988,0.0,0.5765228867530823,-0.7282803654670715,-0.37044453620910647,0.0,-1.80576753616333,1.386886715888977,0.4044911563396454,1.0]}},{"@class":"BoneInfo","index":31,"offset":{"values":[0.9912327527999878,0.12310101091861725,-0.048000775277614596,0.0,-4.0152936975346168e-8,0.3632871210575104,0.9316772818565369,0.0,0.13212858140468598,-0.9235089421272278,0.36010217666625979,0.0,-1.3712656497955323,1.2452013492584229,-0.3634340465068817,1.0]}},{"@class":"BoneInfo","index":32,"offset":{"values":[0.998763382434845,0.049710601568222049,-0.0008649681112729013,0.0,9.802727518604116e-10,0.017392929643392564,0.9998486042022705,0.0,0.04971820116043091,-0.9986122250556946,0.017371496185660363,0.0,-1.3272712230682374,0.5834019780158997,-0.2149328887462616,1.0]}},{"@class":"BoneInfo","index":33,"offset":{"values":[0.9951000213623047,0.004423070233315229,0.0987771674990654,0.0,-1.564332130499224e-8,-0.9989990592002869,0.044731397181749347,0.0,0.0988762229681015,-0.04451221227645874,-0.9941039085388184,0.0,-1.3272454738616944,0.21270346641540528,-0.042807769030332568,1.0]}},{"@class":"BoneInfo","index":34,"offset":{"values":[-0.219478040933609,-0.924942135810852,-0.31034114956855776,0.0,0.0070238965563476089,-0.31958702206611636,0.9475307464599609,0.0,-0.9755922555923462,0.20578248798847199,0.07663913071155548,0.0,2.0050249099731447,-0.2538937032222748,-0.6612789034843445,1.0]}},{"@class":"BoneInfo","index":35,"offset":{"values":[0.8153082728385925,-0.5425993204116821,-0.20213401317596436,0.0,-0.05379262939095497,-0.4185613989830017,0.9065937399864197,0.0,-0.576522946357727,-0.7282804250717163,-0.37044453620910647,0.0,1.80576753616333,1.3868869543075562,0.4044913649559021,0.9999998807907105]}},{"@class":"BoneInfo","index":36,"offset":{"values":[0.9912324547767639,-0.12310100346803665,0.048000648617744449,0.0,2.8977058974533066e-8,0.3632870018482208,0.9316771030426025,0.0,-0.13212858140468598,-0.9235089421272278,0.3601020574569702,0.0,1.3712652921676636,1.245201587677002,-0.36343422532081606,1.0]}},{"@class":"BoneInfo","index":37,"offset":{"values":[0.9987632632255554,-0.04971058666706085,0.0008649072260595858,0.0,-5.05480812762471e-9,0.017392896115779878,0.9998486638069153,0.0,-0.04971820116043091,-0.9986121654510498,0.017371507361531259,0.0,1.3272711038589478,0.5834019184112549,-0.21493284404277802,1.0]}},{"@class":"BoneInfo","index":38,"offset":{"values":[0.9950997829437256,-0.004423013888299465,-0.09877713024616242,0.0,1.657464032689404e-8,-0.9989989995956421,0.044731397181749347,0.0,-0.09887620806694031,-0.04451235756278038,-0.9941038489341736,0.0,1.3272452354431153,0.2127034068107605,-0.042807530611753467,1.0]}}]}