{"@class":"BaseSkinController","id":{"uuid":"4AA36243-5CCE-4257-AC4A-BA0F984BCBC7"},"boneInfoCollection":[{"@class":"BoneInfo","index":0,"offset":{"values":[1.0,-3.5609966175798038e-7,0.0000025351816930196948,0.0,0.00000253518192039337,-1.629208270514937e-7,-1.0000001192092896,0.0,3.561000880836218e-7,1.0,-1.509949214550943e-7,0.0,1.3700874212929648e-8,0.035651449114084247,-5.383185452956241e-9,1.0]}},{"@class":"BoneInfo","index":1,"offset":{"values":[1.0,5.801415881023786e-8,-0.0000016478167026434676,0.0,-3.424763974635425e-7,0.9848933815956116,-0.17316149175167085,0.0,0.0000016128783499880229,0.17316144704818726,0.9848933219909668,0.0,2.1888902779210185e-7,-0.44192683696746828,0.10191909223794937,1.0]}},{"@class":"BoneInfo","index":2,"offset":{"values":[-0.9996011853218079,-1.1990789694493742e-8,-0.028241831809282304,0.0,0.0005011844332329929,-0.9998425841331482,-0.017738552764058114,0.0,-0.028237359598279,-0.01774568110704422,0.9994447231292725,0.0,0.10936950892210007,0.4739166498184204,0.006852386519312859,1.0]}},{"@class":"BoneInfo","index":3,"offset":{"values":[-0.9996674060821533,1.0244555426197622e-8,-0.02579176239669323,0.0,0.0045083616860210899,-0.9846041202545166,-0.17474064230918885,0.0,-0.025394652038812639,-0.17479902505874635,0.9842774271965027,0.0,0.10817474126815796,0.2945416569709778,0.05353119969367981,1.0]}},{"@class":"BoneInfo","index":4,"offset":{"values":[-0.981689989566803,-4.097822881021784e-8,-0.1904856115579605,0.0,-0.18247029185295106,-0.2870282828807831,0.9403824806213379,0.0,-0.05467480048537254,0.9579229950904846,0.28177309036254885,0.0,0.11328287422657013,0.05457424744963646,-0.008868150413036347,1.0]}},{"@class":"BoneInfo","index":5,"offset":{"values":[-0.9853678345680237,-3.725293851175593e-8,-0.17044179141521455,0.0,-0.17022667825222016,-0.05022451654076576,0.9841242432594299,0.0,-0.008560357615351677,0.9987388849258423,0.04948965460062027,0.0,0.11063949018716812,-0.06192285940051079,0.002926708199083805,1.0]}},{"@class":"BoneInfo","index":6,"offset":{"values":[-0.9996011257171631,-2.3108482238853868e-8,0.02824193611741066,0.0,-0.0005011538160033524,-0.999842643737793,-0.0177385825663805,0.0,0.028237437829375268,-0.01774587854743004,0.9994454383850098,0.0,-0.10936950892210007,0.4739166498184204,0.006852406542748213,1.0]}},{"@class":"BoneInfo","index":7,"offset":{"values":[-0.9996673464775086,-2.1886117806957374e-8,0.02579178288578987,0.0,-0.004508362151682377,-0.9846042990684509,-0.17474079132080079,0.0,0.025394650176167489,-0.17479941248893739,0.9842782020568848,0.0,-0.10817473381757736,0.2945416569709778,0.05353124067187309,1.0]}},{"@class":"BoneInfo","index":8,"offset":{"values":[-0.9816898107528687,7.823120995453792e-8,0.19048555195331574,0.0,0.18247030675411225,-0.2870279848575592,0.9403825998306274,0.0,0.05467478558421135,0.9579236507415772,0.28177306056022646,0.0,-0.11328285187482834,0.05457426980137825,-0.008868187665939331,0.9999998807907105]}},{"@class":"BoneInfo","index":9,"offset":{"values":[-0.9853677749633789,8.568181897317118e-8,0.17044171690940858,0.0,0.17022661864757539,-0.050224389880895618,0.984124481678009,0.0,0.008560358546674252,0.9987395405769348,0.049489665776491168,0.0,-0.11063949018716812,-0.061922937631607059,0.0029266916681081058,1.0000001192092896]}},{"@class":"BoneInfo","index":10,"offset":{"values":[1.0,1.209755740028129e-9,-0.0000017569500414538198,0.0,-1.2928418868796144e-7,0.9973393678665161,-0.07289770245552063,0.0,0.0000017521875861348236,0.07289765775203705,0.9973393082618713,0.0,8.615239011078302e-8,-0.6178517937660217,0.0397782176733017,1.0]}},{"@class":"BoneInfo","index":11,"offset":{"values":[1.0,6.933891683047477e-8,-0.0000016423241504526232,0.0,-4.5558692818303828e-8,0.9998951554298401,0.014475202187895775,0.0,0.00000164315611073107,-0.014475224539637566,0.9998951554298401,0.0,2.245104013809396e-8,-0.7831364870071411,-0.02872028388082981,1.0]}},{"@class":"BoneInfo","index":12,"offset":{"values":[-0.2442564219236374,-0.9673341512680054,-0.06784884631633759,0.0,0.9583178758621216,-0.25148892402648928,0.13557325303554536,0.0,-0.148207888007164,-0.03190610930323601,0.9884413480758667,0.0,-0.9190198183059692,0.24222441017627717,-0.1449601650238037,1.0000001192092896]}},{"@class":"BoneInfo","index":13,"offset":{"values":[-0.7253192067146301,-0.5989818572998047,-0.33931228518486025,0.0,0.5873230695724487,-0.7955409288406372,0.14888352155685426,0.0,-0.359115332365036,-0.09129785746335983,0.9288168549537659,0.0,-0.7096196413040161,0.5580249428749085,-0.22632122039794923,1.0000001192092896]}},{"@class":"BoneInfo","index":14,"offset":{"values":[-0.7572597861289978,-0.6258354187011719,-0.18678203225135804,0.0,0.583358883857727,-0.7767305970191956,0.23744943737983704,0.0,-0.29368358850479128,0.07084999978542328,0.9532734155654907,0.0,-0.7174023985862732,0.370130717754364,-0.2393169403076172,1.0]}},{"@class":"BoneInfo","index":15,"offset":{"values":[0.23232299089431764,-0.5254965424537659,-0.8184611797332764,0.0,-0.15182018280029298,-0.8507633209228516,0.5031418800354004,0.0,-0.9607164263725281,0.007367550861090422,-0.27743297815322878,0.0,0.2084331065416336,0.27239900827407839,-0.6973397135734558,1.0000001192092896]}},{"@class":"BoneInfo","index":16,"offset":{"values":[-0.24425643682479859,0.9673342704772949,0.06784884631633759,0.0,-0.9583179354667664,-0.25148892402648928,0.13557323813438416,0.0,0.1482079029083252,-0.03190610930323601,0.9884413480758667,0.0,0.9190199375152588,0.24222438037395478,-0.14496015012264253,1.0000001192092896]}},{"@class":"BoneInfo","index":17,"offset":{"values":[-0.7253190279006958,0.5989816784858704,0.33931222558021548,0.0,-0.5873227715492249,-0.7955408692359924,0.14888344705104829,0.0,0.35911524295806887,-0.09129778295755387,0.9288167357444763,0.0,0.7096192836761475,0.5580248832702637,-0.22632114589214326,1.0]}},{"@class":"BoneInfo","index":18,"offset":{"values":[-0.7572597861289978,0.6258355379104614,0.18678204715251923,0.0,-0.5833590030670166,-0.776730477809906,0.23744943737983704,0.0,0.29368358850479128,0.07084996998310089,0.9532734155654907,0.0,0.7174023389816284,0.3701305687427521,-0.23931695520877839,1.0000001192092896]}},{"@class":"BoneInfo","index":19,"offset":{"values":[0.23232296109199525,0.5254966020584106,0.8184612393379211,0.0,0.15182021260261537,-0.8507632613182068,0.5031418800354004,0.0,0.9607163071632385,0.007367603946477175,-0.27743300795555117,0.0,-0.2084331065416336,0.272398978471756,-0.6973397731781006,1.0]}},{"@class":"BoneInfo","index":20,"offset":{"values":[1.0,-1.2800809656710045e-7,-0.0000012741517139147618,0.0,-1.948676811025507e-7,0.9681918025016785,-0.2502088248729706,0.0,0.0000012656524859266938,0.2502087950706482,0.9681918621063232,0.0,1.7156889953184874e-7,-0.9344108700752258,0.22618529200553895,1.0]}},{"@class":"BoneInfo","index":21,"offset":{"values":[1.0,-3.5343070692306357e-9,-9.746102023200365e-7,0.0,-4.522130225836918e-9,0.9999657869338989,-0.00826619565486908,0.0,9.746064506543917e-7,0.008266076445579529,0.9999659061431885,0.0,-1.9759365699201227e-8,-1.0715820789337159,-0.03437203913927078,1.0]}}]}