{"@class":"BaseSkinController","id":{"uuid":"6635C967-840B-471E-8A94-1C001608E05C"},"boneInfoCollection":[{"@class":"BoneInfo","index":0,"offset":{"values":[1.0,-3.5609963333627095e-7,0.0000025351816930196948,0.0,0.0000025351816930196948,-1.6292081284063898e-7,-1.0,0.0,3.561000596619124e-7,1.0,-1.5099490724423959e-7,0.0,2.0306442749529198e-8,0.05283999815583229,-7.978567140298765e-9,1.0]}},{"@class":"BoneInfo","index":1,"offset":{"values":[1.0,5.9409757113826348e-8,-0.0000016457769334010664,0.0,-2.2608942629176455e-7,0.994839072227478,-0.10146395862102509,0.0,0.0000016312561683662353,0.10146374255418778,0.994839072227478,0.0,1.2885800515505253e-7,-0.7189204096794128,0.029554124921560289,1.0]}},{"@class":"BoneInfo","index":2,"offset":{"values":[-0.9992004036903381,0.03411291912198067,-0.020835548639297487,0.0,-0.0319526270031929,-0.9948258996009827,-0.09643729031085968,0.0,-0.024017609655857087,-0.09569424390792847,0.9951207041740418,0.0,0.13076075911521913,0.8007901906967163,0.028768062591552736,1.0]}},{"@class":"BoneInfo","index":3,"offset":{"values":[-0.9992039203643799,0.03044005110859871,-0.025777660310268403,0.0,-0.02196434885263443,-0.9593253135681152,-0.2814468443393707,0.0,-0.033296529203653339,-0.2806564271450043,0.9592304229736328,0.0,0.12677614390850068,0.3948965072631836,0.10594987869262696,1.0000001192092896]}},{"@class":"BoneInfo","index":4,"offset":{"values":[-0.9811789989471436,0.02948652021586895,-0.19083425402641297,0.0,-0.1815647929906845,-0.4773194193840027,0.8597674369812012,0.0,-0.06573741883039475,0.87823486328125,0.47368940711021426,0.0,0.13711407780647279,0.1111573874950409,-0.02010601945221424,1.0]}},{"@class":"BoneInfo","index":5,"offset":{"values":[-0.9830064177513123,0.058018140494823459,-0.17415976524353028,0.0,-0.1783640831708908,-0.07754500210285187,0.9809039235115051,0.0,0.0434049628674984,0.9952990412712097,0.08657533675432205,0.0,0.1302342265844345,-0.07079443335533142,0.0006868964992463589,1.0]}},{"@class":"BoneInfo","index":6,"offset":{"values":[-0.9992004036903381,-0.03411291167140007,0.020835567265748979,0.0,0.03195261210203171,-0.9948258996009827,-0.09643728286027909,0.0,0.02401762641966343,-0.09569425135850907,0.9951207041740418,0.0,-0.13076075911521913,0.8007902503013611,0.028768064454197885,1.0]}},{"@class":"BoneInfo","index":7,"offset":{"values":[-0.9992038607597351,-0.030440054833889009,0.025777658447623254,0.0,0.02196435257792473,-0.9593253135681152,-0.2814468741416931,0.0,0.033296529203653339,-0.2806564271450043,0.959230363368988,0.0,-0.12677614390850068,0.39489656686782839,0.10594989359378815,1.0]}},{"@class":"BoneInfo","index":8,"offset":{"values":[-0.9811790585517883,-0.0294865220785141,0.19083426892757417,0.0,0.18156485259532929,-0.4773194491863251,0.8597675561904907,0.0,0.06573744863271713,0.8782349824905396,0.47368940711021426,0.0,-0.13711409270763398,0.11115743964910507,-0.020106108859181405,1.0]}},{"@class":"BoneInfo","index":9,"offset":{"values":[-0.9830065369606018,-0.058018121868371966,0.17415978014469148,0.0,0.178364098072052,-0.07754495739936829,0.9809039831161499,0.0,-0.043404947966337207,0.9952991008758545,0.08657536655664444,0.0,-0.1302342563867569,-0.07079444080591202,0.0006868481286801398,1.0]}},{"@class":"BoneInfo","index":10,"offset":{"values":[1.0,1.4351820842861685e-9,-0.000001756928668328328,0.0,-5.887613596655683e-8,0.9994651675224304,-0.03269491717219353,0.0,0.0000017559431171321194,0.03269471600651741,0.9994651675224304,0.0,-4.038616907564574e-8,-0.962916910648346,-0.0368625670671463,1.0]}},{"@class":"BoneInfo","index":11,"offset":{"values":[1.0,9.410101853291053e-8,-0.000001639151491872326,0.0,3.398127290665798e-8,0.9969559907913208,0.07796411216259003,0.0,0.000001641499238758115,-0.07796432077884674,0.9969561100006104,0.0,-1.4017102500929469e-7,-1.1577088832855225,-0.16582588851451875,1.0]}},{"@class":"BoneInfo","index":12,"offset":{"values":[0.3114217519760132,-0.8993606567382813,-0.30686601996421816,0.0,0.9370891451835632,0.23704679310321809,0.2562660574913025,0.0,-0.15773414075374604,-0.367367684841156,0.9166028499603272,0.0,-1.172129511833191,-0.2794758379459381,-0.39701080322265627,1.0]}},{"@class":"BoneInfo","index":13,"offset":{"values":[-0.4977935254573822,-0.8351874947547913,-0.2338024228811264,0.0,0.8032883405685425,-0.545626699924469,0.23878636956214906,0.0,-0.3270004093647003,-0.06894438713788986,0.9425058364868164,0.0,-1.1345982551574708,0.5714464783668518,-0.36178669333457949,1.0]}},{"@class":"BoneInfo","index":14,"offset":{"values":[-0.49995186924934389,-0.8658891916275024,0.016849065199494363,0.0,0.8057888746261597,-0.4579443633556366,0.37548738718032839,0.0,-0.31741470098495486,0.20130251348018647,0.9266741871833801,0.0,-1.1382619142532349,0.13743124902248383,-0.40570390224456789,1.0]}},{"@class":"BoneInfo","index":15,"offset":{"values":[-6.332991375757047e-8,-0.8419483304023743,-0.539557933807373,0.0,-0.08912831544876099,-0.5374104976654053,0.8385974764823914,0.0,-0.9960200786590576,0.04808998480439186,-0.07504144310951233,0.0,0.12127416580915451,0.03068547323346138,-1.204010248184204,1.0]}},{"@class":"BoneInfo","index":16,"offset":{"values":[0.1285589039325714,-0.27661770582199099,0.9523419141769409,0.0,-0.11324886232614517,-0.9581230282783508,-0.26300927996635439,0.0,0.9852142333984375,-0.07403939217329025,-0.1545020490884781,0.0,0.16909465193748475,0.730513870716095,0.9544103145599365,1.0]}},{"@class":"BoneInfo","index":17,"offset":{"values":[-0.024675600230693818,0.08063182234764099,0.9964383840560913,0.0,-0.06993865966796875,-0.9944384694099426,0.07873791456222534,0.0,0.9972458481788635,-0.067746601998806,0.030177533626556398,0.0,0.01501404494047165,0.9726293087005615,0.6686428189277649,1.0]}},{"@class":"BoneInfo","index":18,"offset":{"values":[0.21447637677192689,-0.8081943988800049,0.5484724044799805,0.0,0.004237018525600433,-0.5607647895812988,-0.827964186668396,0.0,0.9767199158668518,0.1799027919769287,-0.11684642732143402,0.0,0.0541229322552681,0.037959277629852298,1.218552589416504,1.0]}},{"@class":"BoneInfo","index":19,"offset":{"values":[0.11357852071523667,-0.29387733340263369,0.9490712881088257,0.0,0.16329136490821839,-0.9367406368255615,-0.3096006214618683,0.0,0.9800182580947876,0.19013920426368714,-0.0584060437977314,0.0,-0.17478038370609284,0.6790174841880798,0.9999845027923584,1.0000001192092896]}},{"@class":"BoneInfo","index":20,"offset":{"values":[0.24627725780010224,0.0676889717578888,0.9668326377868652,0.0,0.11800074577331543,-0.9922310709953308,0.039409536868333819,0.0,0.961989164352417,0.10438143461942673,-0.25235143303871157,0.0,-0.03202023357152939,0.9459782838821411,0.7160887122154236,0.9999998807907105]}},{"@class":"BoneInfo","index":21,"offset":{"values":[0.9739158153533936,-0.2157321721315384,0.07033681124448776,0.0,-0.09722554683685303,-0.6768280267715454,-0.7296919226646423,0.0,0.20502400398254395,0.703820526599884,-0.6801485419273377,0.0,0.6844449043273926,0.4878508448600769,0.8604394793510437,1.0]}},{"@class":"BoneInfo","index":22,"offset":{"values":[0.9480814337730408,-0.2626015543937683,0.17939278483390809,0.0,-0.14938443899154664,-0.8656994700431824,-0.4777531623840332,0.0,0.2807590961456299,0.42615076899528506,-0.8599825501441956,0.0,0.7077493667602539,0.616551399230957,0.7101080417633057,1.0]}},{"@class":"BoneInfo","index":23,"offset":{"values":[0.3114217221736908,0.8993605971336365,0.306865930557251,0.0,-0.9370890259742737,0.2370467633008957,0.2562660276889801,0.0,0.157734215259552,-0.367367684841156,0.9166027903556824,0.0,1.1721292734146119,-0.2794758081436157,-0.3970107436180115,0.9999998807907105]}},{"@class":"BoneInfo","index":24,"offset":{"values":[-0.49779343605041506,0.835187554359436,0.23380246758460999,0.0,-0.8032884001731873,-0.545626699924469,0.23878636956214906,0.0,0.3270004093647003,-0.06894436478614807,0.9425057172775269,0.0,1.1345983743667603,0.5714467167854309,-0.3617866635322571,1.0]}},{"@class":"BoneInfo","index":25,"offset":{"values":[-0.4999517798423767,0.8658893704414368,-0.016849109902977945,0.0,-0.8057888150215149,-0.4579443633556366,0.3754872977733612,0.0,0.31741467118263247,0.20130252838134767,0.9266741275787354,0.0,1.1382616758346558,0.1374311000108719,-0.4057037830352783,1.0]}},{"@class":"BoneInfo","index":26,"offset":{"values":[-1.0430805730266002e-7,0.8419483304023743,0.539557933807373,0.0,0.08912821114063263,-0.53741055727005,0.838597297668457,0.0,0.9960198402404785,0.04809003323316574,-0.0750415101647377,0.0,-0.12127410620450974,0.03068552166223526,-1.2040101289749146,1.0]}},{"@class":"BoneInfo","index":27,"offset":{"values":[0.1285589188337326,0.2766179144382477,-0.9523418545722961,0.0,0.11324890702962876,-0.9581233859062195,-0.2630092203617096,0.0,-0.9852141737937927,-0.0740392878651619,-0.1545020192861557,0.0,-0.1690947264432907,0.7305139899253845,0.9544102549552918,1.0]}},{"@class":"BoneInfo","index":28,"offset":{"values":[-0.02467554621398449,-0.08063150197267533,-0.9964385032653809,0.0,0.06993868201971054,-0.994438886642456,0.07873795926570893,0.0,-0.9972459077835083,-0.06774649024009705,0.030177533626556398,0.0,-0.01501408964395523,0.9726293683052063,0.6686429977416992,1.0]}},{"@class":"BoneInfo","index":29,"offset":{"values":[0.21447624266147614,0.8081943392753601,-0.5484722852706909,0.0,-0.004237128421664238,-0.5607646703720093,-0.8279640078544617,0.0,-0.9767197370529175,0.17990273237228394,-0.11684609949588776,0.0,-0.05412278696894646,0.037959080189466479,1.2185523509979249,0.9999998807907105]}},{"@class":"BoneInfo","index":30,"offset":{"values":[0.11357846111059189,0.29387715458869936,-0.9490709900856018,0.0,-0.1632913202047348,-0.9367403984069824,-0.30960050225257876,0.0,-0.9800180196762085,0.19013924896717072,-0.05840589106082916,0.0,0.17478036880493165,0.6790173053741455,0.9999844431877136,1.0]}},{"@class":"BoneInfo","index":31,"offset":{"values":[0.24627725780010224,-0.06768898665904999,-0.9668327569961548,0.0,-0.11800073087215424,-0.9922309517860413,0.03940955549478531,0.0,-0.9619890451431274,0.10438158363103867,-0.2523513436317444,0.0,0.032020166516304019,0.9459783434867859,0.7160888314247131,1.0]}},{"@class":"BoneInfo","index":32,"offset":{"values":[0.9739158153533936,0.21573233604431153,-0.07033682614564896,0.0,0.09722549468278885,-0.6768280267715454,-0.7296919226646423,0.0,-0.2050243318080902,0.7038201689720154,-0.680148184299469,0.0,-0.6844449639320374,0.48785072565078738,0.8604395389556885,1.0]}},{"@class":"BoneInfo","index":33,"offset":{"values":[0.9480814933776856,0.2626015543937683,-0.1793927699327469,0.0,0.14938440918922425,-0.865699291229248,-0.4777529835700989,0.0,-0.2807590663433075,0.4261504113674164,-0.8599822521209717,0.0,-0.7077494263648987,0.616551399230957,0.7101078629493713,1.0]}},{"@class":"BoneInfo","index":34,"offset":{"values":[1.0,-1.4004430681779923e-7,-0.0000012525309784905403,0.0,-5.106447247271717e-7,0.8635605573654175,-0.5042448043823242,0.0,0.0000011522541853992153,0.5042445659637451,0.8635607957839966,0.0,6.302365704868862e-7,-1.2052921056747437,0.6343997120857239,1.0]}},{"@class":"BoneInfo","index":35,"offset":{"values":[1.0,-2.104748730857864e-8,-9.74624299487914e-7,0.0,2.104842877770352e-8,0.9999997615814209,-5.960403370863787e-8,0.0,9.746248679221026e-7,-2.6822075938071068e-7,0.9999998807907105,0.0,-1.3687510147519789e-7,-1.4875223636627198,-0.1339520514011383,1.0]}}]}