{"@class":"BaseSkinController","id":{"uuid":"744D9239-5A85-432D-8676-A014A14577B7"},"boneInfoCollection":[{"@class":"BoneInfo","index":0,"offset":{"values":[1.0,-3.5609963333627095e-7,0.0000025351816930196948,0.0,0.0000025351816930196948,-1.6292081284063898e-7,-1.0,0.0,3.561000596619124e-7,1.0,-1.5099490724423959e-7,0.0,2.0306442749529198e-8,0.05283999815583229,-7.978567140298765e-9,1.0]}},{"@class":"BoneInfo","index":1,"offset":{"values":[1.0,7.006074298487874e-8,-0.0000016469620049974765,0.0,-2.666278930973931e-7,0.9928154349327087,-0.11965649574995041,0.0,0.00000162674564307963,0.11965660750865936,0.9928154349327087,0.0,1.2551630845791807e-7,-0.5966717600822449,0.02805427461862564,1.0]}},{"@class":"BoneInfo","index":2,"offset":{"values":[-0.9993528127670288,0.027563268318772317,-0.023010393604636194,0.0,-0.02706664241850376,-0.9993996620178223,-0.02164045162498951,0.0,-0.023607905954122545,-0.021001601591706277,0.999475359916687,0.0,0.18957191705703736,0.743071436882019,0.00007210636977106333,1.0000001192092896]}},{"@class":"BoneInfo","index":3,"offset":{"values":[-0.9994907975196838,0.018686069175601007,-0.025773366913199426,0.0,-0.010693407617509365,-0.9596285223960877,-0.2810683250427246,0.0,-0.029999634250998498,-0.28064170479774477,0.9593173265457153,0.0,0.182570680975914,0.4172510504722595,0.11378125101327896,1.0]}},{"@class":"BoneInfo","index":4,"offset":{"values":[-0.9813321232795715,0.023653225973248483,-0.19084811210632325,0.0,-0.1787964403629303,-0.47765496373176577,0.8601620197296143,0.0,-0.07082724571228028,0.8782078623771668,0.472952276468277,0.0,0.19584767520427705,0.12148848921060562,-0.02905729040503502,1.0]}},{"@class":"BoneInfo","index":5,"offset":{"values":[-0.9830650091171265,0.05708050727844238,-0.174126535654068,0.0,-0.17828060686588288,-0.07825236022472382,0.9808635115623474,0.0,0.04234643653035164,0.9952738285064697,0.08709762990474701,0.0,0.1888243705034256,-0.07203886657953263,-0.01201667357236147,1.0]}},{"@class":"BoneInfo","index":6,"offset":{"values":[-0.9993528723716736,-0.027563247829675676,0.023010380566120149,0.0,0.027066633105278016,-0.9993996024131775,-0.02164042368531227,0.0,0.02360786497592926,-0.021001584827899934,0.9994754195213318,0.0,-0.18957190215587617,0.7430714964866638,0.00007207867747638375,1.0000001192092896]}},{"@class":"BoneInfo","index":7,"offset":{"values":[-0.9994907975196838,-0.01868605986237526,0.025773394852876664,0.0,0.010693402960896492,-0.9596284031867981,-0.28106844425201418,0.0,0.029999632388353349,-0.2806417644023895,0.9593173265457153,0.0,-0.1825706660747528,0.4172509014606476,0.11378126591444016,1.0]}},{"@class":"BoneInfo","index":8,"offset":{"values":[-0.9813321828842163,-0.023653188720345498,0.19084814190864564,0.0,0.17879647016525269,-0.4776548445224762,0.8601619005203247,0.0,0.07082725316286087,0.8782080411911011,0.4729522168636322,0.0,-0.19584763050079347,0.1214885413646698,-0.029057294130325319,1.0]}},{"@class":"BoneInfo","index":9,"offset":{"values":[-0.9830650091171265,-0.05708050727844238,0.1741265505552292,0.0,0.17828063666820527,-0.07825253903865814,0.9808633923530579,0.0,-0.042346443980932239,0.9952739477157593,0.0870976597070694,0.0,-0.1888243407011032,-0.07203881442546845,-0.012016740627586842,1.0]}},{"@class":"BoneInfo","index":10,"offset":{"values":[1.0,1.419259376689297e-9,-0.0000017569293504493544,0.0,-5.8289234772246348e-8,0.9994759559631348,-0.032368987798690799,0.0,0.000001755962443894532,0.03236909955739975,0.9994760155677795,0.0,-5.0268127438357627e-8,-0.8031584620475769,-0.04235012084245682,1.0]}},{"@class":"BoneInfo","index":11,"offset":{"values":[1.0,5.196226737780307e-8,-0.0000016417073993579834,0.0,1.8764776399393669e-8,0.999072790145874,0.04305247962474823,0.0,0.000001642421807446226,-0.043052367866039279,0.9990728497505188,0.0,-1.1952077727528377e-7,-1.0051915645599366,-0.1184471994638443,1.0]}},{"@class":"BoneInfo","index":12,"offset":{"values":[0.34686100482940676,-0.8646878004074097,-0.3633215129375458,0.0,0.925612211227417,0.2530438005924225,0.2814445197582245,0.0,-0.1514252871274948,-0.43391698598861697,0.8881366848945618,0.0,-1.1577879190444947,-0.2943706512451172,-0.42718327045440676,1.0]}},{"@class":"BoneInfo","index":13,"offset":{"values":[-0.5613123178482056,-0.7870001196861267,-0.25604474544525149,0.0,0.7579174041748047,-0.6130881905555725,0.22289946675300599,0.0,-0.33239996433258059,-0.06894461810588837,0.9406152963638306,0.0,-1.195832371711731,0.6016272902488709,-0.3154190480709076,0.9999998807907105]}},{"@class":"BoneInfo","index":14,"offset":{"values":[-0.611836314201355,-0.7896798253059387,-0.04540727660059929,0.0,0.7355645895004273,-0.5891396403312683,0.3344537913799286,0.0,-0.2908625900745392,0.17123101651668549,0.9413176774978638,0.0,-1.1957122087478638,0.23088005185127259,-0.32188451290130618,1.0]}},{"@class":"BoneInfo","index":15,"offset":{"values":[-0.07010020315647125,-0.8372936248779297,-0.5422407984733582,0.0,-0.1358112394809723,-0.5305059552192688,0.83673095703125,0.0,-0.9882516860961914,0.1322973668575287,-0.0765252560377121,0.0,0.0385381281375885,-0.12585392594337464,-1.2316503524780274,1.0]}},{"@class":"BoneInfo","index":16,"offset":{"values":[0.0490574911236763,-0.5199722647666931,0.8527727723121643,0.0,-0.24267619848251344,-0.8344212770462036,-0.4948221743106842,0.0,0.9688661098480225,-0.18267318606376649,-0.1671195775270462,0.0,0.33259835839271548,0.2687627077102661,1.1607111692428589,1.0]}},{"@class":"BoneInfo","index":17,"offset":{"values":[-0.036188870668411258,-0.1684332937002182,0.9850480556488037,0.0,-0.14428238570690156,-0.9744859933853149,-0.17192786931991578,0.0,0.9888745546340942,-0.14834710955619813,0.010963698849081993,0.0,0.17620223760604859,0.6455522775650024,1.026926040649414,1.0]}},{"@class":"BoneInfo","index":18,"offset":{"values":[0.2592378556728363,-0.5828286409378052,0.7701337337493897,0.0,0.33191725611686709,-0.6950637102127075,-0.6377441883087158,0.0,0.9069877862930298,0.4209483861923218,0.013264000415802002,0.0,-0.10147376358509064,0.12290745973587036,1.2265801429748536,1.0]}},{"@class":"BoneInfo","index":19,"offset":{"values":[0.3430572748184204,-0.2769084572792053,0.8975707292556763,0.0,0.3358800709247589,-0.8562175035476685,-0.3925258219242096,0.0,0.877209484577179,0.4361352026462555,-0.20072375237941743,0.0,-0.028311558067798616,0.4528115689754486,1.144948959350586,1.0]}},{"@class":"BoneInfo","index":20,"offset":{"values":[0.9948180317878723,-0.09776168316602707,0.02790815383195877,0.0,-0.013897277414798737,-0.40268924832344057,-0.915230929851532,0.0,0.10071291029453278,0.9101006984710693,-0.40196165442466738,0.0,0.7861141562461853,0.2577064037322998,0.8961308598518372,1.0]}},{"@class":"BoneInfo","index":21,"offset":{"values":[0.9902136325836182,-0.023283395916223527,0.1376008242368698,0.0,0.07577449083328247,-0.7382845282554627,-0.6702191233634949,0.0,0.11719366908073425,0.6740866899490356,-0.7292956113815308,0.0,0.6993717551231384,0.5763418674468994,0.7967479825019836,1.0]}},{"@class":"BoneInfo","index":22,"offset":{"values":[0.0170153621584177,-0.6560478806495667,0.7545270919799805,0.0,0.048756398260593417,-0.7531945109367371,-0.6559885740280151,0.0,0.9986659288406372,0.047949813306331637,0.019170602783560754,0.0,-0.005831435322761536,0.10834068059921265,1.2506935596466065,1.0]}},{"@class":"BoneInfo","index":23,"offset":{"values":[0.23007658123970033,-0.3618478775024414,0.9033992290496826,0.0,0.020598100498318673,-0.9262850284576416,-0.37626025080680849,0.0,0.9729546308517456,0.10517691820859909,-0.20566315948963166,0.0,0.21430478990077973,0.44854453206062319,1.1480531692504883,1.0]}},{"@class":"BoneInfo","index":24,"offset":{"values":[0.8725544810295105,-0.48828721046447756,-0.014985227026045323,0.0,0.48821523785591128,0.8726831674575806,-0.008384723216295243,0.0,0.017171520739793779,2.1234160385574797e-7,0.99985271692276,0.0,-0.2960761785507202,-1.3565117120742798,0.06442147493362427,1.0000001192092896]}},{"@class":"BoneInfo","index":25,"offset":{"values":[0.3468611538410187,0.8646877408027649,0.36332157254219057,0.0,-0.925612211227417,0.2530439794063568,0.28144460916519167,0.0,0.1514252871274948,-0.43391695618629458,0.888136625289917,0.0,1.1577879190444947,-0.2943708598613739,-0.4271833300590515,1.0]}},{"@class":"BoneInfo","index":26,"offset":{"values":[-0.5613123774528503,0.7870003581047058,0.25604483485221865,0.0,-0.7579175233840942,-0.6130882501602173,0.22289952635765077,0.0,0.33239999413490298,-0.06894459575414658,0.9406152963638306,0.0,1.19583261013031,0.6016273498535156,-0.3154192566871643,0.9999998807907105]}},{"@class":"BoneInfo","index":27,"offset":{"values":[-0.6118364334106445,0.7896801233291626,0.045407216995954517,0.0,-0.7355647087097168,-0.5891396403312683,0.33445388078689577,0.0,0.29086264967918398,0.17123107612133027,0.9413175582885742,0.0,1.1957125663757325,0.2308800220489502,-0.32188457250595095,0.9999999403953552]}},{"@class":"BoneInfo","index":28,"offset":{"values":[-0.07010018825531006,0.837293803691864,0.5422407984733582,0.0,0.1358111947774887,-0.5305059552192688,0.8367311954498291,0.0,0.9882516860961914,0.1322973072528839,-0.07652536034584046,0.0,-0.038538139313459399,-0.1258537471294403,-1.2316503524780274,1.0]}},{"@class":"BoneInfo","index":29,"offset":{"values":[0.049057502299547198,0.5199728608131409,-0.8527731895446777,0.0,0.2426762580871582,-0.8344217538833618,-0.4948224723339081,0.0,-0.9688661098480225,-0.1826731115579605,-0.16711954772472382,0.0,-0.33259838819503786,0.2687627673149109,1.1607115268707276,1.0]}},{"@class":"BoneInfo","index":30,"offset":{"values":[-0.03618892654776573,0.1684338003396988,-0.9850487112998962,0.0,0.1442824751138687,-0.974486768245697,-0.17192791402339936,0.0,-0.9888747334480286,-0.14834719896316529,0.010963749140501023,0.0,-0.1762022078037262,0.6455528140068054,1.0269265174865723,1.0]}},{"@class":"BoneInfo","index":31,"offset":{"values":[0.25923797488212588,0.582828938961029,-0.7701341509819031,0.0,-0.3319172263145447,-0.6950637698173523,-0.6377442479133606,0.0,-0.906987726688385,0.42094823718070986,0.013263992965221405,0.0,0.10147371888160706,0.12290747463703156,1.2265803813934327,1.0]}},{"@class":"BoneInfo","index":32,"offset":{"values":[0.3430573046207428,0.27690815925598147,-0.8975710868835449,0.0,-0.3358801007270813,-0.8562175631523132,-0.3925257623195648,0.0,-0.8772094249725342,0.4361349642276764,-0.20072364807128907,0.0,0.02831161767244339,0.45281171798706057,1.1449490785598755,1.0000001192092896]}},{"@class":"BoneInfo","index":33,"offset":{"values":[0.9948188066482544,0.09776163101196289,-0.02790827676653862,0.0,0.01389702782034874,-0.4026896357536316,-0.9152315258979797,0.0,-0.10071296244859696,0.9101014733314514,-0.4019615352153778,0.0,-0.7861143350601196,0.25770676136016848,0.8961315155029297,1.0000001192092896]}},{"@class":"BoneInfo","index":34,"offset":{"values":[0.9902143478393555,0.02328338474035263,-0.137600839138031,0.0,-0.07577450573444367,-0.7382851243019104,-0.670219361782074,0.0,-0.11719372868537903,0.6740874648094177,-0.7292959690093994,0.0,-0.6993721723556519,0.5763423442840576,0.7967482209205627,1.0]}},{"@class":"BoneInfo","index":35,"offset":{"values":[0.01701539382338524,0.6560478806495667,-0.7545274496078491,0.0,-0.048756372183561328,-0.7531943917274475,-0.6559885740280151,0.0,-0.9986659288406372,0.04794984310865402,0.019170619547367097,0.0,0.005831422749906778,0.10834076255559921,1.250693440437317,0.9999999403953552]}},{"@class":"BoneInfo","index":36,"offset":{"values":[0.23007667064666749,0.3618479371070862,-0.9033995866775513,0.0,-0.02059800922870636,-0.9262850284576416,-0.3762606084346771,0.0,-0.9729548692703247,0.10517695546150208,-0.20566315948963166,0.0,-0.2143048197031021,0.4485447406768799,1.148053526878357,1.0]}},{"@class":"BoneInfo","index":37,"offset":{"values":[0.8725545406341553,0.4882872700691223,0.014985250309109688,0.0,-0.48821520805358889,0.8726831674575806,-0.008384649641811848,0.0,-0.017171494662761689,1.5739357195343474e-7,0.9998526573181152,0.0,0.2960761785507202,-1.3565117120742798,0.06442131102085114,1.0]}},{"@class":"BoneInfo","index":38,"offset":{"values":[1.0,-1.400462537048952e-7,-0.0000012525314332378912,0.0,-5.106445541969151e-7,0.8635609149932861,-0.5042447447776794,0.0,0.0000011522541853992153,0.5042449235916138,0.8635607957839966,0.0,6.30236229426373e-7,-1.2052925825119019,0.6343996524810791,1.0]}},{"@class":"BoneInfo","index":39,"offset":{"values":[1.0,-2.104904872624047e-8,-9.746254363562912e-7,0.0,2.1048393250566734e-8,1.0,2.9802912138165996e-8,0.0,9.746249816089403e-7,1.1920936060505483e-7,1.0,0.0,-1.3687515831861675e-7,-1.4875227212905884,-0.13395220041275025,1.0]}},{"@class":"BoneInfo","index":40,"offset":{"values":[1.0,-5.684341886080802e-14,-9.536749985272764e-7,0.0,7.225117428788508e-7,0.6527092456817627,0.7576085329055786,0.0,6.224719868441753e-7,-0.7576084733009338,0.6527093052864075,0.0,-0.0000014206239029590507,-1.2470555305480958,-1.5228427648544312,1.0]}},{"@class":"BoneInfo","index":41,"offset":{"values":[1.0,6.536992626891835e-13,-9.536745437799255e-7,0.0,7.257604579535837e-7,-0.6487342119216919,0.7610150575637817,0.0,-6.18681099240348e-7,-0.7610151171684265,-0.6487340331077576,0.0,-0.0000015058228655107087,1.2912168502807618,-1.612180471420288,1.0]}},{"@class":"BoneInfo","index":42,"offset":{"values":[1.0,9.094947017729282e-13,-9.5367431640625e-7,0.0,2.556011793330981e-7,-0.963414192199707,0.2680172622203827,0.0,-9.187833143187163e-7,-0.26801738142967226,-0.9634140133857727,0.0,-6.280898219301889e-7,1.8571300506591797,-0.6918102502822876,1.0]}},{"@class":"BoneInfo","index":43,"offset":{"values":[1.0,2.2737370254828639e-13,-0.000001192091872326273,0.0,-8.118632308651286e-7,-0.7322458624839783,-0.681040346622467,0.0,-8.729052751732525e-7,0.6810402274131775,-0.7322461009025574,0.0,0.0000014729082522535464,1.013993263244629,1.2146039009094239,1.0]}},{"@class":"BoneInfo","index":44,"offset":{"values":[1.0,1.2016612593868104e-8,-0.0000011920923270736239,0.0,-0.0000011920930091946503,1.3510157259588596e-7,-1.0,0.0,-1.2017093098393162e-8,1.0,-4.606166470466633e-8,0.0,-0.10090088099241257,-0.271330863237381,1.7717329263687134,1.0]}},{"@class":"BoneInfo","index":45,"offset":{"values":[1.0,3.1301418346174617e-8,-0.0000011920923270736239,0.0,-0.0000010954568097076845,-0.3708958923816681,-0.9286743402481079,0.0,-4.7121147872530857e-7,0.9286742806434631,-0.37089574337005618,0.0,-0.10090101510286331,0.39104411005973818,1.6712017059326172,1.0]}},{"@class":"BoneInfo","index":46,"offset":{"values":[1.0,2.529910148041381e-8,-0.0000011920923270736239,0.0,-0.0000011920930091946503,1.3510154417417653e-7,-1.0,0.0,-2.529960951846988e-8,1.0,-7.062301676796778e-8,0.0,-0.09677636623382569,-0.3017818331718445,1.7110024690628052,1.0]}},{"@class":"BoneInfo","index":47,"offset":{"values":[1.0,1.2016670325465384e-8,0.0000011920934639420012,0.0,0.0000011920927818209748,1.3510155838503125e-7,-1.0,0.0,-1.201709665110684e-8,1.0,-4.606167891552104e-8,0.0,0.10090088844299317,-0.271330863237381,1.7717329263687134,1.0]}},{"@class":"BoneInfo","index":48,"offset":{"values":[1.0,3.1302185732329238e-8,0.000001192093918689352,0.0,0.0000011186768915649737,-0.3708958923816681,-0.9286743402481079,0.0,4.1307345099994566e-7,0.9286742806434631,-0.37089574337005618,0.0,0.10090099275112152,0.39104411005973818,1.6712017059326172,1.0]}},{"@class":"BoneInfo","index":49,"offset":{"values":[1.0,2.529904286063811e-8,0.0000011920936913156766,0.0,0.0000011920930091946503,1.3510154417417653e-7,-1.0,0.0,-2.5299556227764698e-8,1.0,-7.062306650595929e-8,0.0,0.09677638113498688,-0.3017817735671997,1.7110024690628052,1.0]}},{"@class":"BoneInfo","index":50,"offset":{"values":[1.0,1.0851224363506163e-9,-0.000001718632688607613,0.0,9.833666325675949e-8,-0.9983975887298584,0.056588396430015567,0.0,-0.0000017158025684693712,-0.05658899247646332,-0.9983935952186585,0.0,3.732789934929315e-7,0.6505410075187683,0.2042253166437149,1.0]}}]}