{"@class":"BaseSkinController","id":{"uuid":"747D3C27-E097-48EE-AD83-B3D8B4F73E9C"},"boneInfoCollection":[{"@class":"BoneInfo","index":0,"offset":{"values":[1.0,1.6298145055770875e-9,0.0,0.0,-2.7939677238464357e-9,1.0000001192092896,1.6205012798309327e-7,0.0,7.450580596923828e-9,-1.5832483768463136e-7,1.0,0.0,0.0,0.0,0.0,1.0]}},{"@class":"BoneInfo","index":1,"offset":{"values":[1.0000001192092896,9.313225746154786e-10,-1.4901161193847657e-8,0.0,-2.7939677238464357e-9,0.9974389672279358,-0.07152478396892548,0.0,0.0,0.07152477651834488,0.997438907623291,0.0,0.0,-1.1739941835403443,0.24135953187942506,1.0]}},{"@class":"BoneInfo","index":2,"offset":{"values":[1.0000001192092896,0.0,2.3096799850463868e-7,0.0,3.166496753692627e-8,0.9874827861785889,-0.15772701799869538,0.0,-2.2351741790771485e-7,0.15772701799869538,0.9874829053878784,0.0,-8.568168397005138e-8,-1.7187117338180543,0.391836017370224,1.0]}},{"@class":"BoneInfo","index":3,"offset":{"values":[1.0,1.3969838619232178e-9,-7.450580596923828e-9,0.0,-2.561137080192566e-9,0.9970743656158447,0.07643643021583557,0.0,2.2351741790771486e-8,-0.07643641531467438,0.9970744848251343,0.0,0.0,-2.4200916290283205,-0.1762695461511612,0.9999999403953552]}},{"@class":"BoneInfo","index":4,"offset":{"values":[0.9999999403953552,7.450580596923828e-9,2.3096799850463868e-7,0.0,1.4132820069789887e-7,0.8028979301452637,-0.5961167216300964,0.0,-1.862645149230957e-7,0.5961167216300964,0.8028978109359741,0.0,-4.656613441511581e-7,-2.461146593093872,1.9041608572006226,0.9999999403953552]}},{"@class":"BoneInfo","index":5,"offset":{"values":[1.0,1.3969838619232178e-9,2.384185791015625e-7,0.0,-6.984919309616089e-9,1.0000001192092896,1.9371509552001954e-7,0.0,-2.3096799850463868e-7,-1.601874828338623e-7,1.0,0.0,7.823110337312755e-8,-3.548279047012329,-0.2628326117992401,0.9999999403953552]}},{"@class":"BoneInfo","index":6,"offset":{"values":[0.005433575250208378,0.992576003074646,0.12150232493877411,0.0,0.9999853372573853,-0.005393267143517733,-0.0006601139903068543,0.0,9.499490261077881e-8,0.12150409817695618,-0.9925910234451294,0.0,-3.11110520362854,0.02427803725004196,-0.05920533835887909,1.0000001192092896]}},{"@class":"BoneInfo","index":7,"offset":{"values":[0.5653554201126099,0.8226419687271118,0.06027387082576752,0.0,0.8248474597930908,-0.5638441443443298,-0.041312023997306827,0.0,2.2351741790771486e-8,0.07307268679141998,-0.9973265528678894,0.0,-3.1982829570770265,0.8181319236755371,0.1363803744316101,1.0]}},{"@class":"BoneInfo","index":8,"offset":{"values":[0.7514527440071106,0.5653896331787109,0.34007763862609866,0.0,0.6597867608070374,-0.6439412832260132,-0.3873259127140045,0.0,-5.21540641784668e-8,0.5154359936714172,-0.8569281697273254,0.0,-3.087545394897461,0.6474350094795227,0.5449214577674866,1.0]}},{"@class":"BoneInfo","index":9,"offset":{"values":[0.9575600624084473,0.27342721819877627,0.09118948876857758,0.0,0.2882325351238251,-0.9083747863769531,-0.3029484748840332,0.0,-1.2665987014770509e-7,0.31637534499168398,-0.9486340284347534,0.0,-2.7177507877349855,1.2459880113601685,0.9467653036117554,1.0]}},{"@class":"BoneInfo","index":10,"offset":{"values":[0.005433573853224516,-0.9925760626792908,-0.12150231003761292,0.0,-0.9999852180480957,-0.005393266212195158,-0.0006601139903068543,0.0,-9.499490261077881e-8,0.12150407582521439,-0.9925910234451294,0.0,3.111104965209961,0.024278050288558008,-0.05920533463358879,1.0]}},{"@class":"BoneInfo","index":11,"offset":{"values":[0.5653554797172546,-0.8226419687271118,-0.060273878276348117,0.0,-0.8248474597930908,-0.5638440251350403,-0.041312046349048617,0.0,-2.60770320892334e-8,0.07307269424200058,-0.9973265528678894,0.0,3.1982829570770265,0.8181318640708923,0.1363804042339325,1.0]}},{"@class":"BoneInfo","index":12,"offset":{"values":[0.7514527440071106,-0.5653896331787109,-0.34007754921913149,0.0,-0.6597868204116821,-0.643941342830658,-0.3873259127140045,0.0,5.21540641784668e-8,0.5154358148574829,-0.8569280505180359,0.0,3.087545394897461,0.6474351286888123,0.544921338558197,0.9999998807907105]}},{"@class":"BoneInfo","index":13,"offset":{"values":[0.9575602412223816,-0.27342721819877627,-0.09118951857089997,0.0,-0.2882325053215027,-0.9083747863769531,-0.3029485046863556,0.0,1.1920928955078126e-7,0.31637537479400637,-0.948634147644043,0.0,2.7177512645721437,1.2459882497787476,0.9467654228210449,1.0]}},{"@class":"BoneInfo","index":14,"offset":{"values":[-0.11851843446493149,0.15178635716438294,-0.9812812805175781,0.0,-0.3049980401992798,-0.9460373520851135,-0.10949724912643433,0.0,-0.9449495077133179,0.2863115668296814,0.15841785073280335,0.0,0.6527142524719238,1.6154873371124268,0.8078566789627075,1.0]}},{"@class":"BoneInfo","index":15,"offset":{"values":[0.9834048748016357,-0.04638014733791351,-0.17539359629154206,0.0,0.05290841683745384,-0.8514284491539002,0.5217959880828857,0.0,-0.17353643476963044,-0.5224166512489319,-0.8348449468612671,0.0,-0.7530930638313294,0.9722045063972473,-0.09448346495628357,0.9999999403953552]}},{"@class":"BoneInfo","index":16,"offset":{"values":[-0.9978699684143066,0.0032384544610977175,-0.06514794379472733,0.0,-0.06372321397066117,-0.2617325186729431,0.9630348682403565,0.0,-0.01393216848373413,0.9651353359222412,0.261381596326828,0.0,0.7350187301635742,0.19772368669509889,-0.07036057114601135,1.0]}},{"@class":"BoneInfo","index":17,"offset":{"values":[-0.9999938607215881,0.0033560022711753847,4.5285560190677645e-7,0.0,3.403984010219574e-7,2.868473529815674e-7,1.0000003576278687,0.0,0.0033564046025276186,0.9999948143959045,-1.6205012798309327e-7,0.0,0.7287691235542297,-0.21022729575634004,-0.06601469218730927,1.0]}},{"@class":"BoneInfo","index":18,"offset":{"values":[-0.1185183972120285,-0.15178634226322175,0.9812812805175781,0.0,0.304997980594635,-0.9460373520851135,-0.10949725657701493,0.0,0.9449493885040283,0.2863115668296814,0.15841783583164216,0.0,-0.6527142524719238,1.6154872179031373,0.8078566193580627,1.0]}},{"@class":"BoneInfo","index":19,"offset":{"values":[0.9834050536155701,0.046380169689655307,0.17539361119270326,0.0,-0.05290843918919563,-0.8514286279678345,0.5217959880828857,0.0,0.17353646457195283,-0.5224167704582214,-0.8348451852798462,0.0,0.7530931234359741,0.9722049236297607,-0.09448344260454178,1.0000001192092896]}},{"@class":"BoneInfo","index":20,"offset":{"values":[-0.9978697896003723,-0.0032384544610977175,0.06514793634414673,0.0,0.06372319161891937,-0.26173239946365359,0.9630348086357117,0.0,0.01393216848373413,0.9651352763175964,0.261381596326828,0.0,-0.7350186109542847,0.1977236568927765,-0.07036059349775315,0.9999999403953552]}},{"@class":"BoneInfo","index":21,"offset":{"values":[-0.9999937415122986,-0.0033560022711753847,-4.4726766645908358e-7,0.0,-3.364402800798416e-7,2.9243528842926028e-7,1.000000238418579,0.0,-0.003356426954269409,0.9999945759773254,-1.3597309589385987e-7,0.0,-0.7287689447402954,-0.21022725105285645,-0.06601466238498688,0.9999998807907105]}}]}