{"@class":"BaseSkinController","id":{"uuid":"8ABB730B-802C-4211-951D-A0A820C83C9C"},"boneInfoCollection":[{"@class":"BoneInfo","index":0,"offset":{"values":[1.0,-2.842170943040401e-14,2.3841856489070779e-7,0.0,2.3841855067985308e-7,-4.371138118131057e-8,-1.0,0.0,3.884331482221885e-14,1.0,-1.6292068494294654e-7,0.0,0.0,0.0,0.0,1.0]}},{"@class":"BoneInfo","index":1,"offset":{"values":[1.0,-9.947596945388687e-14,-0.00000381473319066572,0.0,-2.230258502322613e-7,-0.9982894062995911,-0.05846433341503143,0.0,-0.0000038082082483015258,0.0584641769528389,-0.9982894062995911,0.0,0.0000054097254178486768,0.4670860767364502,1.4181135892868043,1.0]}},{"@class":"BoneInfo","index":2,"offset":{"values":[-1.0,0.0,-0.000002296727188877412,0.0,2.2198956628471934e-7,-0.9953181147575378,-0.09665478765964508,0.0,-0.0000022859740056446755,-0.09665495902299881,0.9953181147575378,0.0,0.000003183361741321278,0.31518274545669558,-1.386042833328247,1.0]}},{"@class":"BoneInfo","index":3,"offset":{"values":[-1.0,-3.9790406755092768e-13,-0.000015648211046936923,0.0,-5.12425572196662e-7,-0.9994639158248901,0.03274659439921379,0.0,-0.000015639820048818366,0.032746437937021258,0.9994638562202454,0.0,0.000021065787223051303,-0.39563557505607607,-1.3462107181549073,1.0]}},{"@class":"BoneInfo","index":4,"offset":{"values":[-1.0,-9.663383374741707e-13,0.0000011046799954783638,0.0,8.362798098460189e-7,-0.6533774137496948,0.757032573223114,0.0,7.217739153020375e-7,0.7570323944091797,0.6533775329589844,0.0,-3.1991172022571848e-7,-1.5640232563018799,-0.28959614038467409,1.0]}},{"@class":"BoneInfo","index":5,"offset":{"values":[-1.0,5.115907697472721e-13,-0.000003012043634953443,0.0,4.550228140942636e-7,-0.9885234236717224,-0.15106795728206635,0.0,-0.000002977472831844352,-0.15106816589832307,0.9885233640670776,0.0,0.000005866628725925693,-0.8802919387817383,-1.9477256536483765,1.0]}},{"@class":"BoneInfo","index":6,"offset":{"values":[0.15741769969463349,0.9810907244682312,0.11260835081338883,0.0,-0.42846912145614626,-0.03488314524292946,0.9028831720352173,0.0,0.8897380232810974,-0.19037899374961854,0.4148760139942169,0.0,-2.265101909637451,0.12443099915981293,0.30507001280784609,1.0]}},{"@class":"BoneInfo","index":7,"offset":{"values":[0.15741774439811707,-0.9810907244682312,-0.11260834336280823,0.0,0.42846909165382388,-0.03488314896821976,0.9028830528259277,0.0,-0.8897382616996765,-0.1903790384531021,0.41487598419189455,0.0,2.2651023864746095,0.1244310736656189,0.3050699532032013,1.0]}},{"@class":"BoneInfo","index":8,"offset":{"values":[0.010923217050731182,0.47019580006599429,0.8824946284294128,0.0,-0.9972952604293823,-0.0590292289853096,0.04379507526755333,0.0,0.07268501073122025,-0.8805861473083496,0.46827903389930727,0.0,-0.6564531326293945,1.1011104583740235,-0.6249557733535767,1.0]}},{"@class":"BoneInfo","index":9,"offset":{"values":[0.9994048476219177,0.034493766725063327,-0.00032927971915341914,0.0,-0.007551857735961676,0.22809593379497529,0.9736092686653137,0.0,0.03365839645266533,-0.9730271697044373,0.2282208651304245,0.0,-0.20297248661518098,1.1797341108322144,0.31523290276527407,1.0]}},{"@class":"BoneInfo","index":10,"offset":{"values":[-0.9999706745147705,0.007160994224250317,0.002757666166871786,0.0,-0.004486183635890484,-0.25400710105895998,-0.9671919345855713,0.0,-0.006225466728210449,-0.9671754240989685,0.2540315091609955,0.0,0.1809803545475006,0.46238332986831667,-0.6027354001998901,1.0]}},{"@class":"BoneInfo","index":11,"offset":{"values":[1.0,1.2232280255375373e-7,2.7889544185200068e-7,0.0,-3.577311247227044e-7,-0.02740311622619629,0.999624490737915,0.0,9.631914821284227e-9,-0.9996246099472046,-0.02740304358303547,0.0,-0.18176405131816865,0.25698933005332949,0.558422863483429,1.0]}},{"@class":"BoneInfo","index":12,"offset":{"values":[0.010923185385763646,-0.470195472240448,-0.8824945688247681,0.0,0.9972951412200928,-0.05902916565537453,0.043795146048069,0.0,-0.07268497347831726,-0.8805859088897705,0.46827903389930727,0.0,0.6564530730247498,1.1011103391647339,-0.6249558925628662,1.0]}},{"@class":"BoneInfo","index":13,"offset":{"values":[0.9994046688079834,-0.03449353575706482,0.00032917395583353937,0.0,0.007551734335720539,0.22809597849845887,0.973609209060669,0.0,-0.033658359199762347,-0.9730270504951477,0.22822095453739167,0.0,0.20297236740589143,1.1797341108322144,0.3152327537536621,1.0]}},{"@class":"BoneInfo","index":14,"offset":{"values":[-0.999970555305481,-0.007160780485719442,-0.002757427981123328,0.0,0.004486083984375,-0.2540071904659271,-0.9671918749809265,0.0,0.006225492339581251,-0.9671755433082581,0.2540316581726074,0.0,-0.1809803992509842,0.46238377690315249,-0.6027356386184692,1.0]}},{"@class":"BoneInfo","index":15,"offset":{"values":[1.0,5.271204273071817e-8,-3.21263030400587e-7,0.0,2.2154283385589225e-7,-0.027403168380260469,0.999624490737915,0.0,-7.121363942985681e-9,-0.9996243715286255,-0.02740306220948696,0.0,0.1817639172077179,0.2569894790649414,0.5584229230880737,1.0]}},{"@class":"BoneInfo","index":16,"offset":{"values":[1.0,-2.576064903926645e-13,-1.1625816281890522e-10,0.0,8.629711528707063e-11,0.6724913716316223,0.7401052117347717,0.0,7.779884375613833e-11,-0.7401050329208374,0.6724914908409119,0.0,-1.5516679607863183e-10,0.6582173705101013,-1.3401365280151368,1.0]}},{"@class":"BoneInfo","index":17,"offset":{"values":[0.9941354990005493,-0.10788533836603165,0.007433585822582245,0.0,-0.015433340333402157,-0.0735061764717102,0.9971752166748047,0.0,-0.10703418403863907,-0.9914421439170837,-0.07474008947610855,0.0,-0.06907156854867935,1.3573024272918702,-0.24974961578845979,1.0]}},{"@class":"BoneInfo","index":18,"offset":{"values":[0.9986011981964111,-0.052063703536987308,-0.00921460147947073,0.0,0.04640071094036102,0.7794004082679749,0.6248054504394531,0.0,-0.025347817689180375,-0.6243588924407959,0.7807260751724243,0.0,-0.15298287570476533,0.2584230303764343,-0.8041704297065735,1.0]}},{"@class":"BoneInfo","index":19,"offset":{"values":[-0.9998001456260681,0.01372306514531374,0.01453359704464674,0.0,-0.013277352787554264,0.08757206797599793,-0.996069610118866,0.0,-0.014941873028874398,-0.9960636496543884,-0.08737240731716156,0.0,0.16015560925006867,0.5578275918960571,0.5778273940086365,1.0]}},{"@class":"BoneInfo","index":20,"offset":{"values":[-0.9838269948959351,0.03390327841043472,0.175883486866951,0.0,-0.16561689972877503,-0.5462102293968201,-0.821112334728241,0.0,0.06823094189167023,-0.8369618654251099,0.5429912805557251,0.0,0.23034414649009705,0.44472676515579226,0.34902361035346987,0.9999999403953552]}},{"@class":"BoneInfo","index":21,"offset":{"values":[0.9941354990005493,0.10788540542125702,-0.0074336472898721699,0.0,0.01543340552598238,-0.07350622117519379,0.9971751570701599,0.0,0.10703423619270325,-0.991442084312439,-0.07474009692668915,0.0,0.06907150894403458,1.3573025465011597,-0.2497495710849762,0.9999998807907105]}},{"@class":"BoneInfo","index":22,"offset":{"values":[0.9986011981964111,0.052063703536987308,0.009214630350470543,0.0,-0.04640072584152222,0.7794004678726196,0.6248054504394531,0.0,0.025347799062728883,-0.6243589520454407,0.7807260751724243,0.0,0.1529828906059265,0.25842323899269106,-0.8041704893112183,0.9999999403953552]}},{"@class":"BoneInfo","index":23,"offset":{"values":[-0.9998002648353577,-0.013723072595894337,-0.014533845707774163,0.0,0.013277613557875157,0.08757220953702927,-0.9960697293281555,0.0,0.014941890724003315,-0.9960638284683228,-0.087372325360775,0.0,-0.1601557731628418,0.5578278303146362,0.5778274536132813,1.0]}},{"@class":"BoneInfo","index":24,"offset":{"values":[-0.9838269948959351,-0.03390326723456383,-0.1758834272623062,0.0,0.16561689972877503,-0.5462101101875305,-0.8211123943328857,0.0,-0.06823094934225083,-0.8369616866111755,0.5429913997650147,0.0,-0.23034414649009705,0.444726824760437,0.3490235209465027,0.9999998807907105]}}]}