{"@class":"BaseSkinController","id":{"uuid":"A4E14C62-EBA9-4E1D-9BC2-F422CA161339"},"boneInfoCollection":[{"@class":"BoneInfo","index":0,"offset":{"values":[1.0,0.0,0.0,0.0,0.0,-1.6292068494294654e-7,-1.0,0.0,0.0,1.0,-1.6292068494294654e-7,0.0,0.0,0.0,0.0,1.0]}},{"@class":"BoneInfo","index":1,"offset":{"values":[1.0,-8.242281098087834e-13,-0.0000014305113609225373,0.0,-4.671699969094334e-7,-0.9451714158058167,-0.3265743851661682,0.0,-0.000001352080630567798,0.3265743851661682,-0.9451696872711182,0.0,7.827799919368772e-8,0.20168381929397584,0.05472010374069214,1.0]}},{"@class":"BoneInfo","index":2,"offset":{"values":[-1.0,0.0,-0.0000018199259557150072,0.0,-2.991925214246294e-7,-0.9863941073417664,0.16439853608608247,0.0,-0.0000017951562085727347,0.16439883410930634,0.9863923192024231,0.0,8.669264417449085e-8,0.04648754745721817,-0.047635387629270557,1.0]}},{"@class":"BoneInfo","index":3,"offset":{"values":[-1.0,7.262828034294844e-13,-7.936493476301543e-12,0.0,-2.7647777120563649e-14,-1.000000238418579,-1.7782210193217907e-7,0.0,-2.9465082717478053e-12,4.4802652610087537e-7,0.9999983906745911,0.0,1.8844297053777909e-13,-0.09443932771682739,-0.06403230875730515,1.0]}},{"@class":"BoneInfo","index":4,"offset":{"values":[-1.0,-8.526499276594046e-14,-0.0000020583781861205354,0.0,-3.096649265899032e-7,-0.9886189699172974,0.15044160187244416,0.0,-0.0000020349427813926015,0.1504419445991516,0.9886170625686646,0.0,6.95225850222414e-8,-0.20367491245269776,-0.03377549350261688,1.0]}},{"@class":"BoneInfo","index":5,"offset":{"values":[-1.0,3.296913523437306e-12,-0.0000022967683435126675,0.0,0.000001250425498255936,-0.8388071656227112,-0.5444290637969971,0.0,-0.000001926539653140935,-0.5444275736808777,0.8388059139251709,0.0,2.0283484047922685e-7,-0.1449885219335556,-0.0883132815361023,1.0]}},{"@class":"BoneInfo","index":6,"offset":{"values":[0.09261371940374375,0.8025824427604675,-0.5893084406852722,0.0,-0.9744751453399658,-0.04849795997142792,-0.21919475495815278,0.0,-0.20450113713741303,0.5945658683776856,0.7776037454605103,0.0,-0.05903976038098335,0.025333840399980546,0.0703197792172432,1.0]}},{"@class":"BoneInfo","index":7,"offset":{"values":[-0.29583868384361269,0.9436172246932983,0.14854757487773896,0.0,-0.9552379846572876,-0.29223957657814028,-0.0460066944360733,0.0,-6.473657663264021e-7,-0.15550830960273744,0.9878329038619995,0.0,0.003742902772501111,-0.17390191555023194,-0.05459672585129738,0.9999998807907105]}},{"@class":"BoneInfo","index":8,"offset":{"values":[0.5531797409057617,0.8181074857711792,0.1571391522884369,0.0,-0.8330622911453247,0.5432494282722473,0.10434424132108689,0.0,-4.2629540075722618e-7,-0.1886276751756668,0.9820469617843628,0.0,-0.36094966530799868,-0.29740947484970095,-0.038243841379880908,1.0]}},{"@class":"BoneInfo","index":9,"offset":{"values":[0.8712707757949829,0.47274690866470339,0.1319011151790619,0.0,-0.49080315232276919,0.8392181396484375,0.23414894938468934,0.0,-2.364240003771556e-7,-0.26874449849128725,0.9632099866867065,0.0,-0.5994482636451721,-0.388020396232605,-0.026714356616139413,1.0]}},{"@class":"BoneInfo","index":10,"offset":{"values":[0.881119430065155,0.46248871088027956,0.09865808486938477,0.0,-0.4728945791721344,0.8617310523986816,0.18382255733013154,0.0,-5.389798616306507e-7,-0.20862457156181336,0.977994441986084,0.0,-0.4595206677913666,-0.09507203847169876,-0.001321102143265307,1.0000001192092896]}},{"@class":"BoneInfo","index":11,"offset":{"values":[0.9999336004257202,-0.011127780191600323,-0.0031318371184170248,0.0,0.01155993714928627,0.9625332355499268,0.2709186375141144,0.0,-1.2221529743783322e-7,-0.27093684673309328,0.9625957012176514,0.0,-0.5703367590904236,-0.09916911274194718,0.04774974286556244,1.0000001192092896]}},{"@class":"BoneInfo","index":12,"offset":{"values":[0.9871546626091003,-0.1584855020046234,-0.0202212892472744,0.0,0.15977045893669129,0.9792156219482422,0.12494444102048874,0.0,-8.102972515189322e-7,-0.126570463180542,0.9919560551643372,0.0,-0.421634316444397,0.2011384665966034,0.04435720294713974,1.0]}},{"@class":"BoneInfo","index":13,"offset":{"values":[0.8974154591560364,-0.43319839239120486,-0.08357911556959152,0.0,0.4411875009536743,0.8811649680137634,0.17000772058963777,0.0,-1.8889153352574795e-7,-0.18944163620471955,0.9818902015686035,0.0,-0.39597731828689577,0.1364230364561081,0.06863169372081757,0.9999998807907105]}},{"@class":"BoneInfo","index":14,"offset":{"values":[1.000000238418579,-4.949654552888205e-8,8.617151934231515e-7,0.0,-4.084035936102737e-7,0.9566923379898071,0.2911013662815094,0.0,-7.791214216013032e-7,-0.2911013960838318,0.9566906094551086,0.0,-0.20558491349220277,-0.039463140070438388,-0.013592473231256009,1.0]}},{"@class":"BoneInfo","index":15,"offset":{"values":[0.0926138386130333,-0.8025819659233093,0.589308500289917,0.0,0.9744750261306763,-0.048497702926397327,-0.21919496357440949,0.0,0.204501211643219,0.5945659875869751,0.7776035070419312,0.0,0.05903976783156395,0.02533387765288353,0.0703197568655014,1.0]}},{"@class":"BoneInfo","index":16,"offset":{"values":[-0.2958386540412903,-0.9436167478561401,-0.14854755997657777,0.0,0.9552379250526428,-0.29223933815956118,-0.04600655287504196,0.0,6.175630460347747e-7,-0.1555083692073822,0.9878329038619995,0.0,-0.0037429032381623985,-0.17390182614326478,-0.054596759378910068,1.0000001192092896]}},{"@class":"BoneInfo","index":17,"offset":{"values":[0.5531794428825378,-0.8181070685386658,-0.15713907778263093,0.0,0.833061933517456,0.5432497262954712,0.1043444275856018,0.0,3.59240061698074e-7,-0.18862773478031159,0.9820470213890076,0.0,0.36094945669174197,-0.297409325838089,-0.03824383020401001,1.0]}},{"@class":"BoneInfo","index":18,"offset":{"values":[0.8712702989578247,-0.4727468490600586,-0.13190098106861115,0.0,0.49080297350883486,0.8392179608345032,0.2341489940881729,0.0,1.7681929875834613e-7,-0.2687445282936096,0.9632097482681274,0.0,0.5994479060173035,-0.3880203366279602,-0.026714319363236429,1.0]}},{"@class":"BoneInfo","index":19,"offset":{"values":[0.881118893623352,-0.4624885618686676,-0.09865786135196686,0.0,0.4728943109512329,0.8617309927940369,0.18382270634174348,0.0,3.601658136176411e-7,-0.20862457156181336,0.9779942035675049,0.0,0.4595203995704651,-0.09507202357053757,-0.0013210377655923367,1.0]}},{"@class":"BoneInfo","index":20,"offset":{"values":[0.9999328851699829,0.011127393692731858,0.003131851553916931,0.0,-0.01155993901193142,0.9625329971313477,0.2709185481071472,0.0,9.986345617107873e-8,-0.2709368169307709,0.962595522403717,0.0,0.5703362822532654,-0.0991692915558815,0.047749705612659457,1.0]}},{"@class":"BoneInfo","index":21,"offset":{"values":[0.987153947353363,0.1584853082895279,0.02022150531411171,0.0,-0.1597704440355301,0.9792152643203735,0.12494435161352158,0.0,6.501091434074624e-7,-0.12657047808170319,0.9919559955596924,0.0,0.4216340184211731,0.20113830268383027,0.04435724392533302,1.0]}},{"@class":"BoneInfo","index":22,"offset":{"values":[0.8974149823188782,0.43319788575172427,0.0835791751742363,0.0,-0.44118732213974,0.8811647295951843,0.17000769078731538,0.0,1.665396496264293e-7,-0.1894417554140091,0.9818903803825378,0.0,0.39597705006599429,0.1364227682352066,0.06863167136907578,1.0]}},{"@class":"BoneInfo","index":23,"offset":{"values":[1.0,-4.588151227835624e-7,-7.700290325374226e-7,0.0,3.14204356754999e-7,0.9566923379898071,0.2911013662815094,0.0,5.975123826829076e-7,-0.2911013960838318,0.9566907286643982,0.0,0.20558485388755799,-0.039463259279727939,-0.013592500239610672,1.0]}},{"@class":"BoneInfo","index":24,"offset":{"values":[1.0,7.715005392351648e-13,3.281336573984772e-12,0.0,1.1163573320968623e-12,0.9021344184875488,0.43145638704299929,0.0,2.234967419467715e-12,-0.43145495653152468,0.9021362066268921,0.0,-1.9035226411605322e-13,-0.19419430196285249,-0.07719627767801285,1.0]}},{"@class":"BoneInfo","index":25,"offset":{"values":[1.0,1.971630107441835e-12,5.356426240055168e-12,0.0,4.993846853171258e-17,0.9734176993370056,0.22903954982757569,0.0,-1.0396814921205529e-17,-0.22903777658939362,0.9734191298484802,0.0,9.017933731844067e-15,-0.33430153131484988,-0.006007191725075245,1.0]}},{"@class":"BoneInfo","index":26,"offset":{"values":[1.0,2.40132978605867e-12,5.1780563344039354e-12,0.0,3.308524257737343e-17,0.9888373613357544,0.14900285005569459,0.0,-2.478719497409052e-18,-0.14900100231170655,0.9888384342193604,0.0,9.026215172969372e-15,-0.45901474356651308,0.03147988021373749,1.0]}}]}