{"@class":"BaseSkinController","id":{"uuid":"ECCE5FB1-D5DA-4AF9-8ACD-6DB0CA4EE30F"},"boneInfoCollection":[{"@class":"BoneInfo","index":0,"offset":{"values":[1.0,0.0,0.0,0.0,0.0,-1.6292068494294654e-7,-1.0,0.0,0.0,1.0,-1.6292068494294654e-7,0.0,0.0,0.0,0.0,1.0]}},{"@class":"BoneInfo","index":1,"offset":{"values":[1.0,-7.105427357601002e-15,-0.0000014305285276350333,0.0,-1.1879861716579399e-7,-0.9965457916259766,-0.08304525911808014,0.0,-0.0000014255871292334633,0.08304525911808014,-0.9965457916259766,0.0,8.353646876457788e-7,0.19523191452026368,0.5839552879333496,1.0]}},{"@class":"BoneInfo","index":2,"offset":{"values":[1.0,-2.2737362123312344e-13,-9.536739753457368e-7,0.0,-6.946672215235594e-7,-0.6851398348808289,-0.7284113764762878,0.0,-6.534003205160843e-7,0.7284113764762878,-0.6851397752761841,0.0,2.460204768794938e-7,-0.5862717032432556,0.2579710781574249,1.0]}},{"@class":"BoneInfo","index":3,"offset":{"values":[1.0,-1.9895191180271944e-13,-9.5367431640625e-7,0.0,-8.865455356499297e-7,-0.3685437738895416,-0.9296102523803711,0.0,-3.5147070320817877e-7,0.9296101927757263,-0.36854371428489687,0.0,-4.863953861899972e-8,-0.8288106918334961,-0.05100225284695625,1.0]}},{"@class":"BoneInfo","index":4,"offset":{"values":[1.0,1.1368682416908887e-13,-9.5367431640625e-7,0.0,2.956588218694378e-7,-0.9507297873497009,0.3100206255912781,0.0,-9.066865231943666e-7,-0.3100206255912781,-0.9507297873497009,0.0,0.0000010392199101261213,-0.1189979761838913,1.0897010564804078,1.0]}},{"@class":"BoneInfo","index":5,"offset":{"values":[0.9990576505661011,-0.04078412801027298,0.0148438960313797,0.0,-0.003604266792535782,0.26286906003952029,0.9648247957229614,0.0,-0.04325154051184654,-0.9639689922332764,0.2624744474887848,0.0,-0.13161222636699677,0.4638766050338745,-0.07667814195156098,0.9999998807907105]}},{"@class":"BoneInfo","index":6,"offset":{"values":[-0.9933450818061829,7.450578820566989e-9,0.11517632752656937,0.0,-0.11467297375202179,-0.09338906407356262,-0.9890037178993225,0.0,0.01075619924813509,-0.9956294298171997,0.09276745468378067,0.0,0.1400177925825119,0.20316629111766816,-0.012801270000636578,0.9999998807907105]}},{"@class":"BoneInfo","index":7,"offset":{"values":[-1.0000001192092896,-1.6538916014496864e-8,-1.1586472226099431e-7,0.0,-3.6733589503512577e-9,-0.999444842338562,-0.0333150178194046,0.0,-1.0636713199119186e-7,-0.033314988017082217,0.9994446039199829,0.0,0.14056040346622468,0.0027500970754772426,0.005396298598498106,1.0]}},{"@class":"BoneInfo","index":8,"offset":{"values":[0.9990578293800354,0.040783997625112537,-0.014843887649476529,0.0,0.0036042900756001474,0.2628690302371979,0.9648250341415405,0.0,0.043251410126686099,-0.963969349861145,0.26247459650039675,0.0,0.13161227107048036,0.4638766944408417,-0.07667818665504456,1.0000001192092896]}},{"@class":"BoneInfo","index":9,"offset":{"values":[-0.9933452010154724,2.7939683899802505e-9,-0.11517634987831116,0.0,0.11467298865318299,-0.09338928759098053,-0.9890039563179016,0.0,-0.010756207630038262,-0.9956297278404236,0.09276749938726425,0.0,-0.1400178074836731,0.20316632091999055,-0.012801256962120533,1.0]}},{"@class":"BoneInfo","index":10,"offset":{"values":[-1.0,1.2302472818248589e-8,1.4014568705533748e-7,0.0,-1.2920162717477979e-8,-0.9994450807571411,-0.033315010368824008,0.0,1.4451163110607013e-7,-0.033315252512693408,0.9994450211524963,0.0,-0.14056038856506349,0.0027501152362674476,0.005396214779466391,1.0]}},{"@class":"BoneInfo","index":11,"offset":{"values":[1.0,1.4210854715202004e-13,2.384185791015625e-7,0.0,2.0227535912908935e-7,0.529346764087677,-0.8484055399894714,0.0,-1.2620635914117884e-7,0.8484055995941162,0.5293468236923218,0.0,2.223461414985195e-8,-0.6086232662200928,-0.0932578593492508,1.0]}}]}