{"@class":"Character","id":{"uuid":"4622BA87-153E-41D2-B7B1-C3633BF74C43"},"airJumpIsActive":true,"maxStableSlopeAngle":45.0,"maxStableMoveSpeed":6.0,"stableMovementSharpness":0.05000000074505806,"maxAirMoveSpeed":8.0,"airAccelerationSpeed":0.10000000149011612,"rotationSpeed":0.05000000074505806,"allowJumpingWhenSliding":true,"allowWallJump":true,"jumpSpeed":1.0,"airJumpSpeed":3.0,"wallJumpSpeed":3.0,"crouchHeight":2.9000000953674318,"crouchSpeed":3.0,"mouseRotationSpeed":0.0,"rotationSharpness":0.0,"slideSpeed":12.0,"wallHangSpeed":-1.0,"maxStepHeight":0.5,"ladderClimbingSpeed":6.0,"ladderGrabSpeed":6.0,"discreteRotationAngle":90.0,"isDiscreteRotation":false,"excludeCameraGroupIsActive":false,"excludeCharacterGroupIsActive":false,"body":[{"@class":"BaseNode","object3D":{"@class":"BaseObject3D","id":{"uuid":"0E0B989D-8758-4D61-B0CA-336785929CF8"},"name":"MainCharacter Body","enabled":true,"visible":true,"hitVisible":true,"colliders":[{"@class":"BaseComponentCollider","colliderId":{"uuid":"35451359-4B06-4758-9D65-F236ACF63F79"}}],"rigidBody":{"@class":"BaseComponentPhysBody","rigidBodyId":{"uuid":"50CF9EE5-8881-4E57-B140-239EECC6F6A5"},"isEnabled":true},"stateMachine":{"@class":"BaseComponentStateMachine","stateMachineId":{"uuid":"7189AA99-8283-4B5F-A23A-24EC1739177D"},"saveState":false,"mappingProvider":{"@class":"IdPoolBase","prototypeToInstanceMap":[]}},"transform":{"@class":"BaseComponentTransformable","localTransforms":{"values":[1.0,0.0,0.0,0.0,0.0,1.0,0.0,0.0,0.0,0.0,1.0,0.0,0.0,0.0,0.0,1.0]}},"metadata":{"importedIdentifier":"","importedName":"","isBone":false}},"children":["EB310299-0520-444D-B1E9-6F877210772A","4D0D8148-73AC-45EE-B892-837C22758375"]},{"@class":"BaseNode","object3D":{"@class":"BaseObject3D","id":{"uuid":"EB310299-0520-444D-B1E9-6F877210772A"},"name":"CharFrontPointer","enabled":true,"visible":true,"hitVisible":true,"colliders":[{"@class":"BaseComponentCollider","colliderId":{"uuid":"8CA3676B-9254-4B10-A211-E2BFB30F1172"}}],"rigidBody":{"@class":"BaseComponentPhysBody","rigidBodyId":{"uuid":"E62BDF8F-B9F0-4811-B261-3CE409E94ECA"},"isEnabled":true},"transform":{"@class":"BaseComponentTransformable","localTransforms":{"values":[1.0,0.0,0.0,0.0,0.0,1.0,0.0,0.0,0.0,0.0,1.0,0.0,0.24706768989562989,1.207016944885254,0.014465749263763428,1.0]}},"metadata":{"importedIdentifier":"","importedName":"","isBone":false}}},{"@class":"BaseNode","object3D":{"@class":"BaseObject3D","id":{"uuid":"4D0D8148-73AC-45EE-B892-837C22758375"},"name":"Player_T-pose","enabled":true,"visible":true,"hitVisible":true,"transform":{"@class":"BaseComponentTransformable","localTransforms":{"values":[-1.1920927533992654e-7,0.0,-1.0,0.0,0.0,1.0,0.0,0.0,1.0,0.0,-1.1920927533992654e-7,0.0,0.0,0.0,0.0,1.0]}},"metadata":{"importedIdentifier":"RootNode","importedName":"RootNode","isBone":false}},"children":["89E63650-8FB0-44DD-AE73-559A3B8D5F31","D4F5F99D-236A-4E37-9320-DD6175A84E34","E8D8A372-B791-42A9-95AE-A2C50B9DEAE5","CA17054E-25D8-4D43-8626-0244F9E311CA","350B1939-D81A-4EA9-AA06-CD3B07A48D64","B58D44D0-6347-4ED1-8FFA-79678D088DA4"]},{"@class":"BaseNode","object3D":{"@class":"BaseObject3D","id":{"uuid":"89E63650-8FB0-44DD-AE73-559A3B8D5F31"},"name":"Player","enabled":true,"visible":true,"hitVisible":true,"geometry":{"@class":"BaseComponentGeometry","meshId":{"uuid":"699449F3-9D95-4A8D-A6C3-9DF5065739CE"},"skinControllerId":{"uuid":"5463877F-9A78-4EFE-8C73-B9FA955018A3"},"skeleton":[{"uuid":"2922DCAD-734A-4EB6-9C44-DCBC4645AB77"},{"uuid":"116BC9D0-9732-451C-BDFA-28CC97A3D17E"},{"uuid":"1E93E00B-3368-4B46-B33A-24B04C086DFB"},{"uuid":"C89A25F7-E3A9-4505-8CE4-E701DE0096BB"},{"uuid":"A17E4E38-E51D-49AD-96F6-44F31752EDF1"},{"uuid":"2FEAE29C-E2F0-4E38-A889-4F9F313344D9"},{"uuid":"2F2139AB-002B-46AF-98CC-AD12844AB6D5"},{"uuid":"14D9826F-5E71-4622-9EFF-2B5FAD6EEA0E"},{"uuid":"66E42381-3C70-4F18-BC28-4E7366AB8A7A"},{"uuid":"266417B9-1A56-45BD-9FE8-F4D09948FF3F"},{"uuid":"5859812F-7320-46F4-814A-5CAB2C8BAECA"},{"uuid":"2F3BA618-7A68-4412-9125-E3009C31BA69"},{"uuid":"B3C5CDAD-71F3-4925-9302-C231044A2940"},{"uuid":"B8F95096-987E-4959-BF0F-D4D438CAE9D4"},{"uuid":"1C469F23-4C8A-448D-9590-25E5290A410F"},{"uuid":"23B318A4-B7A5-4D86-B94C-C870A30EFFCD"},{"uuid":"7770A2C6-858A-4C37-A9FC-00508D6E1EA9"},{"uuid":"393FCA92-2EE3-4E28-A888-18BC3C532C66"},{"uuid":"D5782C1F-A789-497E-8633-2656FB9D324B"},{"uuid":"44D2676D-02F6-4EAB-90DC-42BFA4940E88"},{"uuid":"30FC07D6-3579-4962-A219-F36095B1126E"},{"uuid":"5E10C7F9-1BC5-4019-8B2D-B89259197FA8"}],"static":false,"shadowCast":true,"shadowReceive":true},"material":{"@class":"BaseComponentMaterial","materialId":{"uuid":"4EF3ACB6-A8B0-429C-992F-97C3AAF46B49"}},"transform":{"@class":"BaseComponentTransformable","localTransforms":{"values":[1.0,0.0,0.0,0.0,0.0,1.0,0.0,0.0,0.0,0.0,1.0,0.0,0.0,0.0,0.0,1.0]}},"metadata":{"importedIdentifier":"Player","importedName":"Player","isBone":false}}},{"@class":"BaseNode","object3D":{"@class":"BaseObject3D","id":{"uuid":"D4F5F99D-236A-4E37-9320-DD6175A84E34"},"name":"Main_armature_GG","enabled":true,"visible":true,"hitVisible":true,"transform":{"@class":"BaseComponentTransformable","localTransforms":{"values":[1.0,0.0,0.0,0.0,0.0,1.0,0.0,0.0,0.0,0.0,1.0,0.0,0.0,0.0,0.0,1.0]}},"metadata":{"importedIdentifier":"Main_armature_GG","importedName":"Main_armature_GG","isBone":false}},"children":["2922DCAD-734A-4EB6-9C44-DCBC4645AB77"]},{"@class":"BaseNode","object3D":{"@class":"BaseObject3D","id":{"uuid":"2922DCAD-734A-4EB6-9C44-DCBC4645AB77"},"name":"root","enabled":true,"visible":true,"hitVisible":true,"transform":{"@class":"BaseComponentTransformable","localTransforms":{"values":[1.0,0.0000025351816930196948,3.5609994597507468e-7,0.0,-3.560995196494332e-7,-1.629215944376483e-7,1.0,0.0,0.0000025351816930196948,-1.0,-1.6292068494294654e-7,0.0,-1.0053899934803213e-9,-1.5583744295000202e-9,-0.035651449114084247,1.0]}},"metadata":{"importedIdentifier":"root","importedName":"root","isBone":true}},"children":["116BC9D0-9732-451C-BDFA-28CC97A3D17E"]},{"@class":"BaseNode","object3D":{"@class":"BaseObject3D","id":{"uuid":"116BC9D0-9732-451C-BDFA-28CC97A3D17E"},"name":"pelvis","enabled":true,"visible":true,"hitVisible":true,"transform":{"@class":"BaseComponentTransformable","localTransforms":{"values":[1.0,0.000001256778659808333,0.000002877657607314177,0.0,0.000002616560550450231,0.1731613427400589,-0.9848934412002564,0.0,-0.0000017360921447107103,0.9848934412002564,0.1731613427400589,0.0,0.0000011280814078418189,0.011796636506915093,-0.45289936661720278,1.0]}},"metadata":{"importedIdentifier":"pelvis","importedName":"pelvis","isBone":true}},"children":["1E93E00B-3368-4B46-B33A-24B04C086DFB","2F2139AB-002B-46AF-98CC-AD12844AB6D5","5859812F-7320-46F4-814A-5CAB2C8BAECA"]},{"@class":"BaseNode","object3D":{"@class":"BaseObject3D","id":{"uuid":"1E93E00B-3368-4B46-B33A-24B04C086DFB"},"name":"thigh_L","enabled":true,"visible":true,"hitVisible":true,"transform":{"@class":"BaseComponentTransformable","localTransforms":{"values":[-0.9996011853218079,-0.004396056290715933,-0.02789592184126377,0.0,2.8777867555618288e-7,-0.987811267375946,0.15565665066242219,0.0,-0.028240179643034936,0.1555945724248886,0.9874172806739807,0.0,0.10951947420835495,0.02562789060175419,0.024435611441731454,1.0]}},"metadata":{"importedIdentifier":"thigh_L","importedName":"thigh_L","isBone":true}},"children":["C89A25F7-E3A9-4505-8CE4-E701DE0096BB"]},{"@class":"BaseNode","object3D":{"@class":"BaseObject3D","id":{"uuid":"C89A25F7-E3A9-4505-8CE4-E701DE0096BB"},"name":"calf_L","enabled":true,"visible":true,"hitVisible":true,"transform":{"@class":"BaseComponentTransformable","localTransforms":{"values":[0.9999879598617554,-0.004056993406265974,0.0027719091158360245,0.0,0.004442385397851467,0.9875510334968567,-0.15723617374897004,0.0,-0.0020994956139475109,0.15724657475948335,0.9875571727752686,0.0,9.658833732828498e-9,0.17506292462348939,-9.313225746154786e-10,1.0]}},"metadata":{"importedIdentifier":"calf_L","importedName":"calf_L","isBone":true}},"children":["A17E4E38-E51D-49AD-96F6-44F31752EDF1"]},{"@class":"BaseNode","object3D":{"@class":"BaseObject3D","id":{"uuid":"A17E4E38-E51D-49AD-96F6-44F31752EDF1"},"name":"foot_L","enabled":true,"visible":true,"hitVisible":true,"transform":{"@class":"BaseComponentTransformable","localTransforms":{"values":[0.9819292426109314,0.1892181634902954,0.00338940741494298,0.0,-0.02562008425593376,0.1151653304696083,0.9930159449577332,0.0,0.187506303191185,-0.975158154964447,0.11793199181556702,0.0,1.4217221178114415e-8,0.2581736445426941,-4.423782229423523e-9,1.0]}},"metadata":{"importedIdentifier":"foot_L","importedName":"foot_L","isBone":true}},"children":["2FEAE29C-E2F0-4E38-A889-4F9F313344D9"]},{"@class":"BaseNode","object3D":{"@class":"BaseObject3D","id":{"uuid":"2FEAE29C-E2F0-4E38-A889-4F9F313344D9"},"name":"toes_L","enabled":true,"visible":true,"hitVisible":true,"transform":{"@class":"BaseComponentTransformable","localTransforms":{"values":[0.9988549947738648,0.040659718215465549,0.025208067148923875,0.0,-0.04544125869870186,0.9711289405822754,0.23418691754341126,0.0,-0.01495831087231636,-0.23506425321102143,0.9718647003173828,0.0,-1.862645149230957e-9,0.11089874058961868,-9.313225746154786e-10,1.0]}},"metadata":{"importedIdentifier":"toes_L","importedName":"toes_L","isBone":true}}},{"@class":"BaseNode","object3D":{"@class":"BaseObject3D","id":{"uuid":"2F2139AB-002B-46AF-98CC-AD12844AB6D5"},"name":"thigh_R","enabled":true,"visible":true,"hitVisible":true,"transform":{"@class":"BaseComponentTransformable","localTransforms":{"values":[-0.9996010661125183,0.0043960558250546459,0.02789929136633873,0.0,2.3422762751579285e-7,-0.987811267375946,0.15565653145313264,0.0,0.02824350632727146,0.15559445321559907,0.9874171614646912,0.0,-0.1095193400979042,0.025627877563238145,0.024435976520180703,1.0]}},"metadata":{"importedIdentifier":"thigh_R","importedName":"thigh_R","isBone":true}},"children":["14D9826F-5E71-4622-9EFF-2B5FAD6EEA0E"]},{"@class":"BaseNode","object3D":{"@class":"BaseObject3D","id":{"uuid":"14D9826F-5E71-4622-9EFF-2B5FAD6EEA0E"},"name":"calf_R","enabled":true,"visible":true,"hitVisible":true,"transform":{"@class":"BaseComponentTransformable","localTransforms":{"values":[0.9999879598617554,0.004057023208588362,-0.002771992003545165,0.0,-0.004442428704351187,0.9875510334968567,-0.15723620355129243,0.0,0.00209957268089056,0.15724660456180573,0.9875571727752686,0.0,-1.541775418445468e-8,0.17506296932697297,0.0,1.0]}},"metadata":{"importedIdentifier":"calf_R","importedName":"calf_R","isBone":true}},"children":["66E42381-3C70-4F18-BC28-4E7366AB8A7A"]},{"@class":"BaseNode","object3D":{"@class":"BaseObject3D","id":{"uuid":"66E42381-3C70-4F18-BC28-4E7366AB8A7A"},"name":"foot_R","enabled":true,"visible":true,"hitVisible":true,"transform":{"@class":"BaseComponentTransformable","localTransforms":{"values":[0.9819292426109314,-0.18921811878681184,-0.003389462362974882,0.0,0.02562011033296585,0.11516521126031876,0.9930159449577332,0.0,-0.18750624358654023,-0.975158154964447,0.11793188005685806,0.0,1.1641532182693482e-9,0.2581736743450165,-5.587935447692871e-9,1.0]}},"metadata":{"importedIdentifier":"foot_R","importedName":"foot_R","isBone":true}},"children":["266417B9-1A56-45BD-9FE8-F4D09948FF3F"]},{"@class":"BaseNode","object3D":{"@class":"BaseObject3D","id":{"uuid":"266417B9-1A56-45BD-9FE8-F4D09948FF3F"},"name":"toes_R","enabled":true,"visible":true,"hitVisible":true,"transform":{"@class":"BaseComponentTransformable","localTransforms":{"values":[0.9988549947738648,-0.04065967723727226,-0.025208109989762307,0.0,0.04544122889637947,0.9711290001869202,0.2341868132352829,0.0,0.014958367682993412,-0.23506414890289308,0.9718647599220276,0.0,-3.4924596548080446e-9,0.11089881509542465,1.862645149230957e-9,1.0]}},"metadata":{"importedIdentifier":"toes_R","importedName":"toes_R","isBone":true}}},{"@class":"BaseNode","object3D":{"@class":"BaseObject3D","id":{"uuid":"5859812F-7320-46F4-814A-5CAB2C8BAECA"},"name":"spine01","enabled":true,"visible":true,"hitVisible":true,"transform":{"@class":"BaseComponentTransformable","localTransforms":{"values":[1.0,2.3409450022882084e-7,1.002881191425331e-7,0.0,-2.227802013976543e-7,0.9948961138725281,-0.10090432316064835,0.0,-1.2339739896560787e-7,0.10090432316064835,0.9948961138725281,0.0,-3.6415315207705137e-14,0.16875772178173066,-1.0244522563596093e-8,1.0]}},"metadata":{"importedIdentifier":"spine01","importedName":"spine01","isBone":true}},"children":["2F3BA618-7A68-4412-9125-E3009C31BA69"]},{"@class":"BaseNode","object3D":{"@class":"BaseObject3D","id":{"uuid":"2F3BA618-7A68-4412-9125-E3009C31BA69"},"name":"spine02","enabled":true,"visible":true,"hitVisible":true,"transform":{"@class":"BaseComponentTransformable","localTransforms":{"values":[1.0,7.555455994179283e-8,-1.1484488027235784e-7,0.0,-8.529494976983188e-8,0.9961796998977661,-0.0873267725110054,0.0,1.0780820502986899e-7,0.0873267725110054,0.9961796998977661,0.0,3.552713678800501e-15,0.16480115056037904,3.725317387903715e-9,1.0]}},"metadata":{"importedIdentifier":"spine02","importedName":"spine02","isBone":true}},"children":["B3C5CDAD-71F3-4925-9302-C231044A2940","7770A2C6-858A-4C37-A9FC-00508D6E1EA9","30FC07D6-3579-4962-A219-F36095B1126E"]},{"@class":"BaseNode","object3D":{"@class":"BaseObject3D","id":{"uuid":"B3C5CDAD-71F3-4925-9302-C231044A2940"},"name":"clavicle_R","enabled":true,"visible":true,"hitVisible":true,"transform":{"@class":"BaseComponentTransformable","localTransforms":{"values":[-0.24425679445266725,0.9603628516197205,-0.13432009518146516,0.0,-0.9673341512680054,-0.25100085139274599,-0.035541556775569919,0.0,-0.06784725189208985,0.12125115096569061,0.9903004169464111,0.0,2.9866615847140567e-9,0.17783087491989137,0.0,1.0]}},"metadata":{"importedIdentifier":"clavicle_R","importedName":"clavicle_R","isBone":true}},"children":["B8F95096-987E-4959-BF0F-D4D438CAE9D4"]},{"@class":"BaseNode","object3D":{"@class":"BaseObject3D","id":{"uuid":"B8F95096-987E-4959-BF0F-D4D438CAE9D4"},"name":"upperarm_R","enabled":true,"visible":true,"hitVisible":true,"transform":{"@class":"BaseComponentTransformable","localTransforms":{"values":[0.7932296991348267,0.5653787851333618,-0.22612711787223817,0.0,-0.6025449633598328,0.7823983430862427,-0.15745645761489869,0.0,0.08789893239736557,0.26115089654922488,0.9612876772880554,0.0,2.0314473658800126e-8,0.26593443751335146,-1.257285475730896e-8,1.0]}},"metadata":{"importedIdentifier":"upperarm_R","importedName":"upperarm_R","isBone":true}},"children":["1C469F23-4C8A-448D-9590-25E5290A410F"]},{"@class":"BaseNode","object3D":{"@class":"BaseObject3D","id":{"uuid":"1C469F23-4C8A-448D-9590-25E5290A410F"},"name":"lowerarm_R","enabled":true,"visible":true,"hitVisible":true,"transform":{"@class":"BaseComponentTransformable","localTransforms":{"values":[0.9973414540290833,0.016311779618263246,0.07102182507514954,0.0,-0.02770455926656723,0.9863165616989136,0.1625179946422577,0.0,-0.0673990547657013,-0.1640535444021225,0.984146237373352,0.0,2.7939677238464357e-9,0.16540038585662843,0.0,1.0]}},"metadata":{"importedIdentifier":"lowerarm_R","importedName":"lowerarm_R","isBone":true}},"children":["23B318A4-B7A5-4D86-B94C-C870A30EFFCD"]},{"@class":"BaseNode","object3D":{"@class":"BaseObject3D","id":{"uuid":"23B318A4-B7A5-4D86-B94C-C870A30EFFCD"},"name":"hand_R","enabled":true,"visible":true,"hitVisible":true,"transform":{"@class":"BaseComponentTransformable","localTransforms":{"values":[0.017652127891778947,-0.09553935378789902,-0.9952691197395325,0.0,-0.10052665323019028,0.9902106523513794,-0.09683671593666077,0.0,0.9947777986526489,0.10176044702529907,0.00787507276982069,0.0,2.584420144557953e-8,0.19127310812473298,3.026798367500305e-8,1.0]}},"metadata":{"importedIdentifier":"hand_R","importedName":"hand_R","isBone":true}},"children":["2CC983B1-F6E0-40D9-A1A3-43CEED7379E6"]},{"@class":"BaseNode","object3D":{"@class":"BaseObject3D","id":{"uuid":"2CC983B1-F6E0-40D9-A1A3-43CEED7379E6"},"name":"Player.001","enabled":true,"visible":true,"hitVisible":true,"geometry":{"@class":"BaseComponentGeometry","meshId":{"uuid":"E1B4C160-16C9-4EDE-8FF3-47BF00FF11DD"},"static":false,"shadowCast":true,"shadowReceive":true},"material":{"@class":"BaseComponentMaterial","materialId":{"uuid":"4EF3ACB6-A8B0-429C-992F-97C3AAF46B49"}},"transform":{"@class":"BaseComponentTransformable","localTransforms":{"values":[0.34383970499038699,-0.07671370357275009,-0.9358895421028137,0.0,-0.07581344246864319,-0.9956716895103455,0.053760603070259097,0.0,-0.935962975025177,0.052467986941337588,-0.348167359828949,0.0,0.07024475932121277,0.0714748203754425,-0.019315659999847413,1.0]}},"metadata":{"importedIdentifier":"Player.001","importedName":"Player.001","isBone":false}}},{"@class":"BaseNode","object3D":{"@class":"BaseObject3D","id":{"uuid":"7770A2C6-858A-4C37-A9FC-00508D6E1EA9"},"name":"clavicle_L","enabled":true,"visible":true,"hitVisible":true,"transform":{"@class":"BaseComponentTransformable","localTransforms":{"values":[-0.24425631761550904,-0.9603627920150757,0.1343209147453308,0.0,0.967333972454071,-0.2510008215904236,-0.035544730722904208,0.0,0.0678505003452301,0.1212511658668518,0.990300178527832,0.0,2.9866615847140567e-9,0.17783087491989137,0.0,1.0]}},"metadata":{"importedIdentifier":"clavicle_L","importedName":"clavicle_L","isBone":true}},"children":["393FCA92-2EE3-4E28-A888-18BC3C532C66"]},{"@class":"BaseNode","object3D":{"@class":"BaseObject3D","id":{"uuid":"393FCA92-2EE3-4E28-A888-18BC3C532C66"},"name":"upperarm_L","enabled":true,"visible":true,"hitVisible":true,"transform":{"@class":"BaseComponentTransformable","localTransforms":{"values":[0.7932295799255371,-0.5653789043426514,0.22612714767456056,0.0,0.6025450825691223,0.7823982238769531,-0.1574564129114151,0.0,-0.08789893239736557,0.26115089654922488,0.9612876772880554,0.0,-2.043088898062706e-8,0.26593446731567385,-4.656612873077393e-10,1.0]}},"metadata":{"importedIdentifier":"upperarm_L","importedName":"upperarm_L","isBone":true}},"children":["D5782C1F-A789-497E-8633-2656FB9D324B"]},{"@class":"BaseNode","object3D":{"@class":"BaseObject3D","id":{"uuid":"D5782C1F-A789-497E-8633-2656FB9D324B"},"name":"lowerarm_L","enabled":true,"visible":true,"hitVisible":true,"transform":{"@class":"BaseComponentTransformable","localTransforms":{"values":[0.9973414540290833,-0.016311557963490487,-0.07102175056934357,0.0,0.027704328298568727,0.9863165616989136,0.1625179648399353,0.0,0.06739901751279831,-0.16405349969863892,0.984146237373352,0.0,-1.1641532182693482e-9,0.1654002070426941,-2.7939677238464357e-9,1.0]}},"metadata":{"importedIdentifier":"lowerarm_L","importedName":"lowerarm_L","isBone":true}},"children":["44D2676D-02F6-4EAB-90DC-42BFA4940E88"]},{"@class":"BaseNode","object3D":{"@class":"BaseObject3D","id":{"uuid":"44D2676D-02F6-4EAB-90DC-42BFA4940E88"},"name":"hand_L","enabled":true,"visible":true,"hitVisible":true,"transform":{"@class":"BaseComponentTransformable","localTransforms":{"values":[0.01765194721519947,0.09553927183151245,0.9952691197395325,0.0,0.10052653402090073,0.9902106523513794,-0.09683661162853241,0.0,-0.9947777986526489,0.10176030546426773,0.007874913513660431,0.0,-1.1699739843606949e-7,0.19127313792705537,3.725290298461914e-9,1.0]}},"metadata":{"importedIdentifier":"hand_L","importedName":"hand_L","isBone":true}}},{"@class":"BaseNode","object3D":{"@class":"BaseObject3D","id":{"uuid":"30FC07D6-3579-4962-A219-F36095B1126E"},"name":"neck","enabled":true,"visible":true,"hitVisible":true,"transform":{"@class":"BaseComponentTransformable","localTransforms":{"values":[1.0,-1.4382881374785939e-7,-3.7962553278703128e-7,0.0,2.390144402397709e-7,0.9644686579704285,0.26419734954833987,0.0,3.28137730321032e-7,-0.26419734954833987,0.9644686579704285,0.0,-4.884981308350689e-15,0.17783087491989137,4.9057979900624108e-15,1.0]}},"metadata":{"importedIdentifier":"neck","importedName":"neck","isBone":true}},"children":["5E10C7F9-1BC5-4019-8B2D-B89259197FA8"]},{"@class":"BaseNode","object3D":{"@class":"BaseObject3D","id":{"uuid":"5E10C7F9-1BC5-4019-8B2D-B89259197FA8"},"name":"Head","enabled":true,"visible":true,"hitVisible":true,"transform":{"@class":"BaseComponentTransformable","localTransforms":{"values":[1.0,1.1146874356882108e-7,-3.2941451877377406e-7,0.0,-1.8793321032717359e-7,0.970227062702179,-0.24219703674316407,0.0,2.9260945666464979e-7,0.24219703674316407,0.970227062702179,0.0,6.394884621840902e-14,0.11359178274869919,1.8626474584948484e-8,1.0]}},"metadata":{"importedIdentifier":"Head","importedName":"Head","isBone":true}}},{"@class":"BaseNode","object3D":{"@class":"BaseObject3D","id":{"uuid":"E8D8A372-B791-42A9-95AE-A2C50B9DEAE5"},"name":"IDLE.fbx","enabled":true,"visible":true,"hitVisible":true,"timeline":{"@class":"BaseComponentTimeline","timelineId":{"uuid":"48ACC86D-7223-483E-BC1D-FA9D2DD11F63"}},"transform":{"@class":"BaseComponentTransformable","localTransforms":{"values":[1.0,0.0,0.0,0.0,0.0,1.0,0.0,0.0,0.0,0.0,1.0,0.0,0.0,0.0,0.0,1.0]}},"metadata":{"importedIdentifier":"","importedName":"","isBone":false}}},{"@class":"BaseNode","object3D":{"@class":"BaseObject3D","id":{"uuid":"CA17054E-25D8-4D43-8626-0244F9E311CA"},"name":"RUN.fbx","enabled":true,"visible":true,"hitVisible":true,"timeline":{"@class":"BaseComponentTimeline","timelineId":{"uuid":"8E033C13-F9D3-4687-960B-909AE6715673"}},"transform":{"@class":"BaseComponentTransformable","localTransforms":{"values":[1.0,0.0,0.0,0.0,0.0,1.0,0.0,0.0,0.0,0.0,1.0,0.0,0.0,0.0,0.0,1.0]}},"metadata":{"importedIdentifier":"","importedName":"","isBone":false}}},{"@class":"BaseNode","object3D":{"@class":"BaseObject3D","id":{"uuid":"350B1939-D81A-4EA9-AA06-CD3B07A48D64"},"name":"RUNback.fbx","enabled":true,"visible":true,"hitVisible":true,"timeline":{"@class":"BaseComponentTimeline","timelineId":{"uuid":"E34B4D31-98CA-4E5F-9965-18E82761025B"}},"transform":{"@class":"BaseComponentTransformable","localTransforms":{"values":[1.0,0.0,0.0,0.0,0.0,1.0,0.0,0.0,0.0,0.0,1.0,0.0,0.0,0.0,0.0,1.0]}},"metadata":{"importedIdentifier":"","importedName":"","isBone":false}}},{"@class":"BaseNode","object3D":{"@class":"BaseObject3D","id":{"uuid":"B58D44D0-6347-4ED1-8FFA-79678D088DA4"},"name":"Camera Target","enabled":true,"visible":true,"hitVisible":true,"colliders":[{"@class":"BaseComponentCollider","colliderId":{"uuid":"938271A3-42E8-4425-B033-8A14FD263FC3"}}],"rigidBody":{"@class":"BaseComponentPhysBody","rigidBodyId":{"uuid":"ABB08B24-2ACF-41B1-A4DC-00A99F55FF3B"},"isEnabled":true},"transform":{"@class":"BaseComponentTransformable","localTransforms":{"values":[-1.1920930376163597e-7,0.0,1.0,0.0,0.0,1.0,0.0,0.0,-1.0,0.0,-1.1920930376163597e-7,0.0,0.029074430465698243,1.1345915794372559,-0.037992000579833987,1.0]}},"metadata":{"importedIdentifier":"","importedName":"","isBone":false}}}],"animations":[{"key":"anim_crouchIdle","value":[{"key":{"uuid":"01803611-D63E-49C1-9286-9F6C8FF32847"},"value":{"uuid":"A9F2664B-0064-440B-A72C-4DC7DB9CCB90"}},{"key":{"uuid":"019E37BF-1713-42EE-8894-77E8E001DD72"},"value":{"uuid":"A845A9F3-1DC9-4A12-919A-3ADB8462E348"}},{"key":{"uuid":"02C05640-BD56-4E3B-A86E-DDEEEB73E78C"},"value":{"uuid":"B65E4FD3-12C2-4408-AB87-31F49CB79FFA"}},{"key":{"uuid":"070AC97A-EBC8-4257-A283-C0220D224462"},"value":{"uuid":"8D0FA2F3-3AE7-4384-86A0-898EDD0F966E"}},{"key":{"uuid":"07330CCB-CF6F-4CE0-A77A-981A0F89AAEC"},"value":{"uuid":"3ED1D551-5D37-4858-A60D-8491D11FB73E"}},{"key":{"uuid":"08E19175-BB91-4645-8377-7DDDFF3BA534"},"value":{"uuid":"870F9983-ED4E-4BDE-9BF9-56BD768D5748"}},{"key":{"uuid":"0A53F515-5562-46B3-81D3-343DB655EE76"},"value":{"uuid":"89AAF9CC-0CF4-466F-8ABE-6126ACFD37C0"}},{"key":{"uuid":"12E6BD61-540E-42C9-9A4E-0C86A4C126A9"},"value":{"uuid":"DE494FDA-AD9D-4D10-9E82-DFB0738CAE31"}},{"key":{"uuid":"16FDF566-04A7-4E03-85DD-C6114BED1E32"},"value":{"uuid":"EDDC665D-D338-403B-9722-FE75D8DF805F"}},{"key":{"uuid":"18E63F27-BFE6-45CC-BC74-8DF6520D6118"},"value":{"uuid":"A7395492-37B5-4E0B-A90C-A78EA366F0AC"}},{"key":{"uuid":"2455FD43-14E5-4707-8153-BDCEC6A59089"},"value":{"uuid":"2CC55F22-105E-46C1-8DFA-DED1896520E5"}},{"key":{"uuid":"39B13E90-FA08-447C-9041-FA9AE8E88FF6"},"value":{"uuid":"3CBC8B99-539B-4D5F-9591-EA2074F0351E"}},{"key":{"uuid":"3AAC7CCF-1DD0-41EE-AC6F-E3776C183D27"},"value":{"uuid":"BFACD18D-E9C2-445B-B791-6B1E1C5A77F4"}},{"key":{"uuid":"3CC3F17B-4385-4AC8-8F3D-B9F81404FCE8"},"value":{"uuid":"97FC8F7F-A4A2-4868-AED4-B156CF0154FB"}},{"key":{"uuid":"3E97522D-9A20-4192-8386-8D1CC8D5EE2F"},"value":{"uuid":"BF1213F6-0BE9-4A58-9286-BE90E86B6E54"}},{"key":{"uuid":"47636D5A-7D6B-4E64-BEAC-DF53DED5DA00"},"value":{"uuid":"1D619830-3D75-4668-943A-8B1F77BE62EC"}},{"key":{"uuid":"5759B003-1DF7-400F-AA35-586C95C20234"},"value":{"uuid":"98B79B3F-35CC-4158-A37B-44D3A584136F"}},{"key":{"uuid":"58906C2A-6723-4B08-85DC-F6E8ECDAC681"},"value":{"uuid":"86EE31CB-EA48-44C5-8331-8FE8DA07E4C7"}},{"key":{"uuid":"5B5E7AEE-C51E-428F-AB26-C4C8E58A570A"},"value":{"uuid":"47A9128B-D477-4420-9866-E6499AB86172"}},{"key":{"uuid":"66441FEF-E9DE-4969-A387-BE5E18485BA5"},"value":{"uuid":"183CFAD9-A42F-4873-A923-9631796A0917"}},{"key":{"uuid":"6929DC74-53CB-4CE3-8BC0-939EE95110F7"},"value":{"uuid":"BB9D1A98-8E7C-4AEC-AE0A-B4345325C2A6"}},{"key":{"uuid":"6980CEC5-2029-4068-81E6-3F9A40DC3E7E"},"value":{"uuid":"C9DB2CFE-4DEA-44F1-936B-F28A9B2ABBE0"}},{"key":{"uuid":"7846AFC0-BC09-4299-94CA-6CF7D78768E3"},"value":{"uuid":"39816DFD-5DBC-47C4-BA53-82115D1611B0"}},{"key":{"uuid":"7B318102-27B4-42B0-AD2F-80CE96EF18D0"},"value":{"uuid":"BFA7F54D-B60E-4C20-99DA-345E2EBE8A5A"}},{"key":{"uuid":"886DC206-0BA7-42C2-B4E3-6B56D4A12301"},"value":{"uuid":"203CCB4C-5829-4FE3-A144-1056C73D3358"}},{"key":{"uuid":"88BE7B34-A5AD-41B4-9E56-5EDAD3FFD317"},"value":{"uuid":"D9C6B231-5CF0-429A-ACB3-B45791211CB4"}},{"key":{"uuid":"8B1A63BA-AE52-4E54-AEBA-914249722011"},"value":{"uuid":"E25CAD63-3B4A-4963-863D-6EA87F776717"}},{"key":{"uuid":"971A9A22-54CF-4704-A3AD-C1EB394EDEBA"},"value":{"uuid":"E1B94AC5-C057-48D6-8396-06E6E548771D"}},{"key":{"uuid":"99E39B86-1E21-41CE-9C85-33FD6837E47D"},"value":{"uuid":"46AB238C-E91A-4005-80A3-5FD7A753CAF8"}},{"key":{"uuid":"9B86979E-7FD0-4B31-AE18-22EE32103430"},"value":{"uuid":"DD43BEF4-066A-472D-BD15-C157F3E98485"}},{"key":{"uuid":"9D6C1CC7-E815-4404-BF81-A94FC5C51C7F"},"value":{"uuid":"2516BB63-03D7-4CD0-8094-B1946EAFA09C"}},{"key":{"uuid":"9DF390AC-84F0-40D3-B5C7-BA75DC5E2D1E"},"value":{"uuid":"0AF7A05E-CE03-46EE-BB57-530957424D38"}},{"key":{"uuid":"A1829511-FFCF-41F2-A2E2-4F117F934DCD"},"value":{"uuid":"2DE2CF10-D164-429F-B6FE-3B2B5FE65137"}},{"key":{"uuid":"A4CF3498-9C72-4084-8EBA-DF83E69BE875"},"value":{"uuid":"5B5A2CFB-7471-4738-A735-8F7D74DC9850"}},{"key":{"uuid":"A7E0C027-D4EE-4ACC-AD7B-66ECBB30A6BA"},"value":{"uuid":"235C6C5C-4487-4E92-A667-2FFB7CA803C2"}},{"key":{"uuid":"AA6FD85A-AFA1-4B64-8C27-89EB5ED19211"},"value":{"uuid":"DC9F50EB-B5E7-4282-9797-4AE7600C066B"}},{"key":{"uuid":"BB34AE63-B136-4626-AFBD-271B47A3BC19"},"value":{"uuid":"72683B83-1D39-44F9-A144-94BA10D687E9"}},{"key":{"uuid":"BE8F3759-DCDF-4B12-9385-DCCC3BDAB3D9"},"value":{"uuid":"45E87937-E575-4E66-BAEB-453B54F01D6E"}},{"key":{"uuid":"C3F66515-C6B9-41FA-B6CE-C1735DDAF520"},"value":{"uuid":"D4BF06D6-A9EF-46B2-A55D-42AC497122A2"}},{"key":{"uuid":"C8B0CD00-3C6D-40FE-9FE4-A825D076D2DF"},"value":{"uuid":"8ABF108B-9D5E-4956-A6DD-7506ED630972"}},{"key":{"uuid":"CCC51553-6CA1-46A4-A6E1-A1CC62AA48E5"},"value":{"uuid":"5B9CBCD3-10F6-48BC-9ECB-7C87D74A4E19"}},{"key":{"uuid":"D259DAAE-53E4-4C54-BDD5-FB2FD3EB56CD"},"value":{"uuid":"96B9426A-70CB-44EE-BACA-8B7164C83A26"}},{"key":{"uuid":"D2F6DC7C-7B27-4E6A-B0EC-317616CA1951"},"value":{"uuid":"47EADAEF-9AA6-4E40-98FF-67F85722687D"}},{"key":{"uuid":"DEA3076C-85A4-45A5-9D38-87A60C95E6A9"},"value":{"uuid":"925EDA5E-4C5F-4B22-A1F0-C00DD705A07D"}},{"key":{"uuid":"E5B3D89D-B46D-4201-A5FA-9E9ECB4D9C79"},"value":{"uuid":"FC24372B-9D5D-433B-BD3D-20FA4E76F0B9"}},{"key":{"uuid":"EC586524-2B2C-452F-9AFB-0E673BB712F9"},"value":{"uuid":"DE4A1A12-17E8-4C9C-999B-60557A67766B"}},{"key":{"uuid":"ECDFFB33-6941-4E2A-A350-49063641D5F1"},"value":{"uuid":"F3DEC9CD-E9A9-46E4-89D0-661AD569087F"}},{"key":{"uuid":"F1132BF7-3467-4555-B7CB-005ED8DA5DA7"},"value":{"uuid":"868FA18C-0DC9-4731-AB05-31DF92FB4A13"}},{"key":{"uuid":"F3990936-761C-4A89-8EC2-936637C2F8E0"},"value":{"uuid":"A8FD038A-FB55-4903-B3B4-DD99FD151CCD"}},{"key":{"uuid":"F4812F1A-17E2-4784-AAA9-E2248DFAE5AE"},"value":{"uuid":"9E92729E-BB69-4C44-B014-8BFB1221C61E"}},{"key":{"uuid":"F6D081FC-B8A6-48C8-A8DE-70CD8B1E134F"},"value":{"uuid":"65D177CC-6FA2-417F-803E-65F2F542B69E"}},{"key":{"uuid":"FB6AEF7F-DC08-45A6-9DE0-DCC76F89C9C6"},"value":{"uuid":"84C0CD3C-D1F5-4054-A2F4-22435E2BA1C6"}}]},{"key":"anim_crouchWalk","value":[{"key":{"uuid":"01803611-D63E-49C1-9286-9F6C8FF32847"},"value":{"uuid":"56EE4B0B-34CB-4AF0-8021-63913B34D005"}},{"key":{"uuid":"019E37BF-1713-42EE-8894-77E8E001DD72"},"value":{"uuid":"5A932054-330D-4CD5-81C5-999BA0E955CE"}},{"key":{"uuid":"02C05640-BD56-4E3B-A86E-DDEEEB73E78C"},"value":{"uuid":"088E22CE-F22C-4FFB-80AA-BD1C90338156"}},{"key":{"uuid":"070AC97A-EBC8-4257-A283-C0220D224462"},"value":{"uuid":"3E820A3C-51A7-4C49-85B4-17490D002288"}},{"key":{"uuid":"07330CCB-CF6F-4CE0-A77A-981A0F89AAEC"},"value":{"uuid":"047F710C-2EF3-4915-BB54-61E686246C60"}},{"key":{"uuid":"08E19175-BB91-4645-8377-7DDDFF3BA534"},"value":{"uuid":"255FA070-4BC9-4455-A426-60E6D1AAB3D2"}},{"key":{"uuid":"0A53F515-5562-46B3-81D3-343DB655EE76"},"value":{"uuid":"DFE158F3-6242-460C-B464-2305F706804F"}},{"key":{"uuid":"12E6BD61-540E-42C9-9A4E-0C86A4C126A9"},"value":{"uuid":"A9E6AE8F-1712-4932-A10B-2A31728BE028"}},{"key":{"uuid":"16FDF566-04A7-4E03-85DD-C6114BED1E32"},"value":{"uuid":"17C016E0-8329-47F4-AF85-8649751C4CE3"}},{"key":{"uuid":"18E63F27-BFE6-45CC-BC74-8DF6520D6118"},"value":{"uuid":"FEC3C4A1-6004-4144-9769-93D8FE6C7415"}},{"key":{"uuid":"2455FD43-14E5-4707-8153-BDCEC6A59089"},"value":{"uuid":"8204D22B-C3EF-45BF-8EAB-B761DD473BCE"}},{"key":{"uuid":"39B13E90-FA08-447C-9041-FA9AE8E88FF6"},"value":{"uuid":"F427304C-FED7-4BF6-9F82-9A6C7D08F743"}},{"key":{"uuid":"3AAC7CCF-1DD0-41EE-AC6F-E3776C183D27"},"value":{"uuid":"CEE1269F-BA96-43BC-A938-CAC7E1B9B7EB"}},{"key":{"uuid":"3CC3F17B-4385-4AC8-8F3D-B9F81404FCE8"},"value":{"uuid":"9D5169CB-F900-49DB-BD3A-325EF8BB3566"}},{"key":{"uuid":"3E97522D-9A20-4192-8386-8D1CC8D5EE2F"},"value":{"uuid":"A886E1DF-FDDB-4705-9399-93856D30A827"}},{"key":{"uuid":"47636D5A-7D6B-4E64-BEAC-DF53DED5DA00"},"value":{"uuid":"28F64806-6016-4301-B3EC-29327EEA69E7"}},{"key":{"uuid":"5759B003-1DF7-400F-AA35-586C95C20234"},"value":{"uuid":"84AAF314-52CF-43C0-800F-C142BD5344CB"}},{"key":{"uuid":"58906C2A-6723-4B08-85DC-F6E8ECDAC681"},"value":{"uuid":"9649C7D9-C562-435B-BEA2-9240123A7A76"}},{"key":{"uuid":"5B5E7AEE-C51E-428F-AB26-C4C8E58A570A"},"value":{"uuid":"D6CD49AE-B8EE-4E8B-869A-DBB8F4629C69"}},{"key":{"uuid":"66441FEF-E9DE-4969-A387-BE5E18485BA5"},"value":{"uuid":"4DEEF349-EAFF-49BA-93AC-E20DCFF1B828"}},{"key":{"uuid":"6929DC74-53CB-4CE3-8BC0-939EE95110F7"},"value":{"uuid":"7599B445-171E-4271-9D47-A9D172545687"}},{"key":{"uuid":"6980CEC5-2029-4068-81E6-3F9A40DC3E7E"},"value":{"uuid":"009DF45B-19DE-40CC-9DAE-BAAEEA05F771"}},{"key":{"uuid":"7846AFC0-BC09-4299-94CA-6CF7D78768E3"},"value":{"uuid":"FBF68352-F26F-4672-AE74-A80445DF3053"}},{"key":{"uuid":"7B318102-27B4-42B0-AD2F-80CE96EF18D0"},"value":{"uuid":"3F7373BD-C072-4B70-B6BC-932A6F2C7953"}},{"key":{"uuid":"886DC206-0BA7-42C2-B4E3-6B56D4A12301"},"value":{"uuid":"8C5D81BB-6EC9-44DF-8ED1-92340013F3A8"}},{"key":{"uuid":"88BE7B34-A5AD-41B4-9E56-5EDAD3FFD317"},"value":{"uuid":"654A2050-B763-4BDF-95AB-AC4BB49FE4A5"}},{"key":{"uuid":"8B1A63BA-AE52-4E54-AEBA-914249722011"},"value":{"uuid":"41D52FED-D851-4937-8290-B9CBCB587D5B"}},{"key":{"uuid":"971A9A22-54CF-4704-A3AD-C1EB394EDEBA"},"value":{"uuid":"996AFFCD-B6F7-4009-B380-09FB71CE9F54"}},{"key":{"uuid":"99E39B86-1E21-41CE-9C85-33FD6837E47D"},"value":{"uuid":"39C3C140-EA37-46D8-BD5D-8B47FC5C1612"}},{"key":{"uuid":"9B86979E-7FD0-4B31-AE18-22EE32103430"},"value":{"uuid":"067A3863-0D33-420A-B299-4E4A6A3F0F4A"}},{"key":{"uuid":"9D6C1CC7-E815-4404-BF81-A94FC5C51C7F"},"value":{"uuid":"CF9581F4-D099-4C7B-8E88-066EC953F791"}},{"key":{"uuid":"9DF390AC-84F0-40D3-B5C7-BA75DC5E2D1E"},"value":{"uuid":"4B5C7FD7-2E48-405B-BD0D-22B9BCA0B596"}},{"key":{"uuid":"A1829511-FFCF-41F2-A2E2-4F117F934DCD"},"value":{"uuid":"CDA6EFAB-A776-46A5-8A3B-1EE5E52F3AEB"}},{"key":{"uuid":"A4CF3498-9C72-4084-8EBA-DF83E69BE875"},"value":{"uuid":"31820D29-0637-4896-B982-B06499B9D8B7"}},{"key":{"uuid":"A7E0C027-D4EE-4ACC-AD7B-66ECBB30A6BA"},"value":{"uuid":"41565BB3-3F71-4032-84F2-1C498C9E94E0"}},{"key":{"uuid":"AA6FD85A-AFA1-4B64-8C27-89EB5ED19211"},"value":{"uuid":"3B730B95-8347-460C-903C-88561B7941B5"}},{"key":{"uuid":"BB34AE63-B136-4626-AFBD-271B47A3BC19"},"value":{"uuid":"B1D00F66-64EA-4B03-B171-9414A5AB7F54"}},{"key":{"uuid":"BE8F3759-DCDF-4B12-9385-DCCC3BDAB3D9"},"value":{"uuid":"82BC9C20-4643-43B1-B38A-65B020252620"}},{"key":{"uuid":"C3F66515-C6B9-41FA-B6CE-C1735DDAF520"},"value":{"uuid":"0E7322EC-C468-44B8-A528-2FCB5FFDDBF9"}},{"key":{"uuid":"C8B0CD00-3C6D-40FE-9FE4-A825D076D2DF"},"value":{"uuid":"948B4997-3681-4FA5-8275-D6D1E42AE9B8"}},{"key":{"uuid":"CCC51553-6CA1-46A4-A6E1-A1CC62AA48E5"},"value":{"uuid":"246DB7AA-85FA-489C-B849-DBBFCD6B6337"}},{"key":{"uuid":"D259DAAE-53E4-4C54-BDD5-FB2FD3EB56CD"},"value":{"uuid":"564092EA-4535-46B4-B87C-817546CEB61F"}},{"key":{"uuid":"D2F6DC7C-7B27-4E6A-B0EC-317616CA1951"},"value":{"uuid":"79BE0C51-C280-4B71-B277-3D70D8D45E2B"}},{"key":{"uuid":"DEA3076C-85A4-45A5-9D38-87A60C95E6A9"},"value":{"uuid":"BCC51D36-E69E-460D-AE03-E8D20D4CDCB9"}},{"key":{"uuid":"E5B3D89D-B46D-4201-A5FA-9E9ECB4D9C79"},"value":{"uuid":"D9511D45-E091-40C2-B566-E3652C1DED7C"}},{"key":{"uuid":"EC586524-2B2C-452F-9AFB-0E673BB712F9"},"value":{"uuid":"491815C3-6237-428A-AEB1-706D72C80B0C"}},{"key":{"uuid":"ECDFFB33-6941-4E2A-A350-49063641D5F1"},"value":{"uuid":"8B01308F-EDF6-4263-8114-66307DA1AC89"}},{"key":{"uuid":"F1132BF7-3467-4555-B7CB-005ED8DA5DA7"},"value":{"uuid":"71E1FBA4-BB19-42EC-B7B4-6F8AEA7ACB7A"}},{"key":{"uuid":"F3990936-761C-4A89-8EC2-936637C2F8E0"},"value":{"uuid":"8DD9196F-F97F-4EB9-A867-75C9CAE5AF43"}},{"key":{"uuid":"F4812F1A-17E2-4784-AAA9-E2248DFAE5AE"},"value":{"uuid":"85E6ABC8-8457-4AD4-BA27-6320ED157228"}},{"key":{"uuid":"F6D081FC-B8A6-48C8-A8DE-70CD8B1E134F"},"value":{"uuid":"3EF3C15E-8F5B-4E8E-B97D-A49E6D487FC0"}},{"key":{"uuid":"FB6AEF7F-DC08-45A6-9DE0-DCC76F89C9C6"},"value":{"uuid":"6108919F-E91B-40C6-8A49-0868B07B7751"}}]},{"key":"anim_fallingIdle","value":[{"key":{"uuid":"01803611-D63E-49C1-9286-9F6C8FF32847"},"value":{"uuid":"EC4B3317-1644-4661-95F5-2C2D0DFDDC76"}},{"key":{"uuid":"019E37BF-1713-42EE-8894-77E8E001DD72"},"value":{"uuid":"473E84F9-8BF7-4686-A7C5-90BEB2A89B5B"}},{"key":{"uuid":"02C05640-BD56-4E3B-A86E-DDEEEB73E78C"},"value":{"uuid":"B205E2AC-6C2E-427F-BFF2-DD63236BC0EE"}},{"key":{"uuid":"070AC97A-EBC8-4257-A283-C0220D224462"},"value":{"uuid":"F7851F01-43DC-4452-94CB-75EADAE8FD46"}},{"key":{"uuid":"07330CCB-CF6F-4CE0-A77A-981A0F89AAEC"},"value":{"uuid":"9D5391BE-B012-41FD-9456-AFD6E038ED91"}},{"key":{"uuid":"08E19175-BB91-4645-8377-7DDDFF3BA534"},"value":{"uuid":"73AF78DC-1ECD-4127-84DA-7E477C0A87B1"}},{"key":{"uuid":"0A53F515-5562-46B3-81D3-343DB655EE76"},"value":{"uuid":"2E3601B2-DA12-40BF-82D0-5ACCBA833DDB"}},{"key":{"uuid":"12E6BD61-540E-42C9-9A4E-0C86A4C126A9"},"value":{"uuid":"76912021-C8E1-4102-AF46-218EF96E9382"}},{"key":{"uuid":"16FDF566-04A7-4E03-85DD-C6114BED1E32"},"value":{"uuid":"A38B7ECB-E0C0-4320-83A0-5DAB269A02F2"}},{"key":{"uuid":"18E63F27-BFE6-45CC-BC74-8DF6520D6118"},"value":{"uuid":"4492F09C-CE60-4040-9B68-0BDA188E4F8F"}},{"key":{"uuid":"2455FD43-14E5-4707-8153-BDCEC6A59089"},"value":{"uuid":"9E6DB2A7-BA95-4CFF-AD64-7DB5AF751489"}},{"key":{"uuid":"39B13E90-FA08-447C-9041-FA9AE8E88FF6"},"value":{"uuid":"1B81B2A3-8F25-49A5-A60E-A685F9F1FC29"}},{"key":{"uuid":"3AAC7CCF-1DD0-41EE-AC6F-E3776C183D27"},"value":{"uuid":"B4207ACE-1E8D-4C84-9703-24BDCD5F6C8E"}},{"key":{"uuid":"3CC3F17B-4385-4AC8-8F3D-B9F81404FCE8"},"value":{"uuid":"8EBF9097-B31C-4488-AC11-4E6BCA50EE4A"}},{"key":{"uuid":"3E97522D-9A20-4192-8386-8D1CC8D5EE2F"},"value":{"uuid":"9E89DC64-FE8B-4299-9B9F-30C9857CB052"}},{"key":{"uuid":"47636D5A-7D6B-4E64-BEAC-DF53DED5DA00"},"value":{"uuid":"161E008B-4180-49CC-A842-E8A9FB1EF64B"}},{"key":{"uuid":"5759B003-1DF7-400F-AA35-586C95C20234"},"value":{"uuid":"BC86CE6D-7B5F-4D0A-ACBA-ACFF01FC5107"}},{"key":{"uuid":"58906C2A-6723-4B08-85DC-F6E8ECDAC681"},"value":{"uuid":"3E96C91B-2AC8-4F1C-A1F1-E79DBF7CA9BD"}},{"key":{"uuid":"5B5E7AEE-C51E-428F-AB26-C4C8E58A570A"},"value":{"uuid":"3C48393E-A453-4424-96B5-CEC241C12234"}},{"key":{"uuid":"66441FEF-E9DE-4969-A387-BE5E18485BA5"},"value":{"uuid":"A8C6E3BA-EEB5-4AA4-9474-F83AEAB0E96E"}},{"key":{"uuid":"6929DC74-53CB-4CE3-8BC0-939EE95110F7"},"value":{"uuid":"AC0BA312-D7C5-4E0A-8FBE-9FCB4BE02E22"}},{"key":{"uuid":"6980CEC5-2029-4068-81E6-3F9A40DC3E7E"},"value":{"uuid":"F675DBE2-1652-4C0E-B522-3FCE97982278"}},{"key":{"uuid":"7846AFC0-BC09-4299-94CA-6CF7D78768E3"},"value":{"uuid":"93585B79-7731-4381-90FA-A3F4ED09B6FA"}},{"key":{"uuid":"7B318102-27B4-42B0-AD2F-80CE96EF18D0"},"value":{"uuid":"B6E5B061-DD7F-4101-B8E1-AD9F154E9CD3"}},{"key":{"uuid":"886DC206-0BA7-42C2-B4E3-6B56D4A12301"},"value":{"uuid":"DB75DF1D-73E7-4FF5-AD2F-7F05700AA11A"}},{"key":{"uuid":"88BE7B34-A5AD-41B4-9E56-5EDAD3FFD317"},"value":{"uuid":"60F2B332-6EF9-4BB7-9391-3340272CA089"}},{"key":{"uuid":"8B1A63BA-AE52-4E54-AEBA-914249722011"},"value":{"uuid":"A37F2B83-7C2A-4849-8A96-6ECBC25ADC9E"}},{"key":{"uuid":"971A9A22-54CF-4704-A3AD-C1EB394EDEBA"},"value":{"uuid":"D0048A3D-42C5-4A9F-B9EE-4B370DF036F8"}},{"key":{"uuid":"99E39B86-1E21-41CE-9C85-33FD6837E47D"},"value":{"uuid":"AA31FCF3-E433-47EF-B3DC-B31316C8A350"}},{"key":{"uuid":"9B86979E-7FD0-4B31-AE18-22EE32103430"},"value":{"uuid":"B436A4FD-DCFE-41A3-8F6B-A8ECD99ED841"}},{"key":{"uuid":"9D6C1CC7-E815-4404-BF81-A94FC5C51C7F"},"value":{"uuid":"B4627043-8B17-4C0E-BA3A-5AE49E02E8D4"}},{"key":{"uuid":"9DF390AC-84F0-40D3-B5C7-BA75DC5E2D1E"},"value":{"uuid":"F0D4B50F-AEBC-4F94-89B0-817F7896E51E"}},{"key":{"uuid":"A1829511-FFCF-41F2-A2E2-4F117F934DCD"},"value":{"uuid":"CD9F9D6D-50E2-47E2-8E25-41FD09987092"}},{"key":{"uuid":"A4CF3498-9C72-4084-8EBA-DF83E69BE875"},"value":{"uuid":"6FA4CAC9-4257-4AED-8209-B8BB699BDA13"}},{"key":{"uuid":"A7E0C027-D4EE-4ACC-AD7B-66ECBB30A6BA"},"value":{"uuid":"83DCD732-B76B-4911-A511-64D61CEFA57F"}},{"key":{"uuid":"AA6FD85A-AFA1-4B64-8C27-89EB5ED19211"},"value":{"uuid":"F58E40D3-050F-45E9-B9D5-FDE33390C046"}},{"key":{"uuid":"BB34AE63-B136-4626-AFBD-271B47A3BC19"},"value":{"uuid":"0076751C-A109-4571-804C-4E6F339DE785"}},{"key":{"uuid":"BE8F3759-DCDF-4B12-9385-DCCC3BDAB3D9"},"value":{"uuid":"CF1F936D-EE41-427A-945A-8ACA16499915"}},{"key":{"uuid":"C3F66515-C6B9-41FA-B6CE-C1735DDAF520"},"value":{"uuid":"7FDB5BF0-A566-4AF4-9581-0A2D25E237ED"}},{"key":{"uuid":"C8B0CD00-3C6D-40FE-9FE4-A825D076D2DF"},"value":{"uuid":"5015491A-9335-4E8C-9A0E-40C220EEB6DA"}},{"key":{"uuid":"CCC51553-6CA1-46A4-A6E1-A1CC62AA48E5"},"value":{"uuid":"EDDC750C-244B-4A10-BAEB-B214B61F4E94"}},{"key":{"uuid":"D259DAAE-53E4-4C54-BDD5-FB2FD3EB56CD"},"value":{"uuid":"DB6CD4B9-C7A5-410D-88CC-B85548D72461"}},{"key":{"uuid":"D2F6DC7C-7B27-4E6A-B0EC-317616CA1951"},"value":{"uuid":"A612C6C4-D17E-4FE1-A125-A4F96F44BC83"}},{"key":{"uuid":"DEA3076C-85A4-45A5-9D38-87A60C95E6A9"},"value":{"uuid":"852A3093-FAC4-4712-BF8E-F1EEB09FE3A7"}},{"key":{"uuid":"E5B3D89D-B46D-4201-A5FA-9E9ECB4D9C79"},"value":{"uuid":"53051993-7A5E-4188-B238-FFC637155DED"}},{"key":{"uuid":"EC586524-2B2C-452F-9AFB-0E673BB712F9"},"value":{"uuid":"5EDA69DF-1E89-4A9F-8560-8E7EAFAE8F95"}},{"key":{"uuid":"ECDFFB33-6941-4E2A-A350-49063641D5F1"},"value":{"uuid":"00EBECE7-A600-4647-B1D5-C4D99805F4EE"}},{"key":{"uuid":"F1132BF7-3467-4555-B7CB-005ED8DA5DA7"},"value":{"uuid":"FCA1B945-D912-4E75-807A-B641F8BC8EAD"}},{"key":{"uuid":"F3990936-761C-4A89-8EC2-936637C2F8E0"},"value":{"uuid":"BCD37887-2144-41B7-AE57-CB1D1D06F521"}},{"key":{"uuid":"F4812F1A-17E2-4784-